graph: 122.633583
import: 1012
injection_detection: 1951.7035484313965
injection_reconstruction: 0.11467933654785156
proto_pollution_detection: 1033.0474376678467
proto_pollution_reconstruction: 4693.996906280518
