graph: 445.824167
import: 628
injection_detection: 151.3652801513672
injection_reconstruction: 0.029325485229492188
proto_pollution_detection: 998.9528656005859
proto_pollution_reconstruction: 4812.118291854858
