graph: 541.463875
import: 653
injection_detection: 116.31250381469727
injection_reconstruction: 0.018358230590820312
proto_pollution_detection: 965.0170803070068
proto_pollution_reconstruction: 4581.881523132324
