graph: 121.708125
import: 806
injection_detection: 1321.2027549743652
injection_reconstruction: 0.024080276489257812
proto_pollution_detection: 871.2413311004639
proto_pollution_reconstruction: 4591.577768325806
