graph: 480.574333
import: 610
injection_detection: 104.41470146179199
injection_reconstruction: 0.018835067749023438
proto_pollution_detection: 819.3459510803223
proto_pollution_reconstruction: 4305.283546447754
