graph: 392.782
import: 595
injection_detection: 96.46034240722656
injection_reconstruction: 0.01811981201171875
proto_pollution_detection: 472.99671173095703
proto_pollution_reconstruction: 4112.680912017822
