graph: 1259.946728
import: 2603
injection_detection: 2437.7975463867188
proto_pollution_detection: 1039.5662784576416
