graph: 2069.473251
import: 951
injection_detection: 115.99469184875488
injection_reconstruction: 5776.517868041992
proto_pollution_detection: 510.13684272766113
proto_pollution_reconstruction: 0.02574920654296875
