graph: 2378.766959
import: 1159
injection_detection: 234.24220085144043
injection_reconstruction: 22961.278915405273
proto_pollution_detection: 508.8162422180176
proto_pollution_reconstruction: 0.0209808349609375
