graph: 2312.184043
import: 1040
injection_detection: 101.4716625213623
injection_reconstruction: 18854.14695739746
proto_pollution_detection: 468.381404876709
proto_pollution_reconstruction: 0.05412101745605469
