graph: 2147.633376
import: 1122
injection_detection: 101.01604461669922
injection_reconstruction: 6389.505386352539
proto_pollution_detection: 535.4692935943604
proto_pollution_reconstruction: 0.0324249267578125
