graph: 291.532583
import: 629
injection_detection: 90.00015258789062
injection_reconstruction: 0.0247955322265625
proto_pollution_detection: 801.4113903045654
proto_pollution_reconstruction: 0.017881393432617188
