graph: 138.112958
import: 907
injection_detection: 1502.8715133666992
injection_reconstruction: 0.034809112548828125
proto_pollution_detection: 1069.0274238586426
proto_pollution_reconstruction: 0.0286102294921875
