graph: 126.943667
import: 784
injection_detection: 1312.577724456787
injection_reconstruction: 0.02193450927734375
proto_pollution_detection: 869.6994781494141
proto_pollution_reconstruction: 0.02384185791015625
