graph: 162.154548
import: 1233
injection_detection: 2310.549736022949
proto_pollution_detection: 1557.774305343628
