graph: 93.007667
import: 648
injection_detection: 1045.1838970184326
injection_reconstruction: 0.015497207641601562
proto_pollution_detection: 717.8831100463867
proto_pollution_reconstruction: 0.019550323486328125
