graph: 355.383875
import: 720
injection_detection: 87.26620674133301
injection_reconstruction: 0.0171661376953125
proto_pollution_detection: 1199.1806030273438
proto_pollution_reconstruction: 0.019550323486328125
