graph: 348.665833
import: 618
injection_detection: 86.07864379882812
injection_reconstruction: 0.014066696166992188
proto_pollution_detection: 1142.2648429870605
proto_pollution_reconstruction: 0.016450881958007812
