graph: 384.819083
import: 704
injection_detection: 101.00507736206055
injection_reconstruction: 0.019788742065429688
proto_pollution_detection: 1260.5669498443604
proto_pollution_reconstruction: 0.0209808349609375
