graph: 399.942125
import: 615
injection_detection: 112.18667030334473
injection_reconstruction: 0.018596649169921875
proto_pollution_detection: 830.8181762695312
proto_pollution_reconstruction: 4629.614353179932
