graph: 384.821375
import: 559
injection_detection: 96.12751007080078
injection_reconstruction: 0.019311904907226562
proto_pollution_detection: 453.6013603210449
proto_pollution_reconstruction: 4111.262321472168
