graph: 105.993209
import: 728
injection_detection: 1462.822675704956
injection_reconstruction: 0.04839897155761719
proto_pollution_detection: 812.6790523529053
proto_pollution_reconstruction: 4498.710632324219
