graph: 116.243958
import: 862
injection_detection: 1669.7216033935547
injection_reconstruction: 0.06198883056640625
proto_pollution_detection: 989.4022941589355
proto_pollution_reconstruction: 5007.092714309692
