graph: 134.771699
import: 1068
injection_detection: 2320.1823234558105
proto_pollution_detection: 1273.834228515625
