graph: 452.874667
import: 775
injection_detection: 114.8216724395752
injection_reconstruction: 0.0152587890625
proto_pollution_detection: 887.8405094146729
proto_pollution_reconstruction: 4556.037664413452
