graph: 397.504959
import: 583
injection_detection: 102.68950462341309
injection_reconstruction: 0.016927719116210938
proto_pollution_detection: 806.9403171539307
proto_pollution_reconstruction: 4621.880292892456
