graph: 511.600417
import: 670
injection_detection: 228.39951515197754
injection_reconstruction: 2110.046148300171
proto_pollution_detection: 394.1507339477539
proto_pollution_reconstruction: 0.017881393432617188
