graph: 468.216209
import: 657
injection_detection: 194.86570358276367
injection_reconstruction: 2082.3018550872803
proto_pollution_detection: 422.2080707550049
proto_pollution_reconstruction: 0.017404556274414062
