graph: 499.330125
import: 712
injection_detection: 213.79876136779785
injection_reconstruction: 2259.6511840820312
proto_pollution_detection: 428.5128116607666
proto_pollution_reconstruction: 0.016689300537109375
