graph: 420.04375
import: 594
injection_detection: 116.1508560180664
injection_reconstruction: 1562.8867149353027
proto_pollution_detection: 356.39452934265137
proto_pollution_reconstruction: 0.015974044799804688
