graph: 309.466208
import: 587
injection_detection: 105.78083992004395
injection_reconstruction: 0.017642974853515625
proto_pollution_detection: 491.23382568359375
proto_pollution_reconstruction: 0.029325485229492188
