graph: 336.74125
import: 659
injection_detection: 90.4381275177002
injection_reconstruction: 0.015497207641601562
proto_pollution_detection: 726.88889503479
proto_pollution_reconstruction: 0.021457672119140625
