graph: 150.977917
import: 756
injection_detection: 1433.1474304199219
injection_reconstruction: 0.1285076141357422
proto_pollution_detection: 518.2974338531494
proto_pollution_reconstruction: 0.030040740966796875
