graph: 151.129791
import: 850
injection_detection: 1360.3622913360596
injection_reconstruction: 0.02384185791015625
proto_pollution_detection: 539.726734161377
proto_pollution_reconstruction: 0.020742416381835938
