graph: 403.518583
import: 637
injection_detection: 98.80280494689941
injection_reconstruction: 0.023365020751953125
proto_pollution_detection: 1405.7507514953613
proto_pollution_reconstruction: 0.1747608184814453
