graph: 121.064375
import: 716
injection_detection: 1187.0698928833008
injection_reconstruction: 0.01811981201171875
proto_pollution_detection: 514.3146514892578
proto_pollution_reconstruction: 0.03528594970703125
