graph: 443.427834
import: 734
injection_detection: 94.5122241973877
injection_reconstruction: 0.033855438232421875
proto_pollution_detection: 770.1981067657471
proto_pollution_reconstruction: 0.03981590270996094
