graph: 98.2175
import: 745
injection_detection: 1248.7988471984863
injection_reconstruction: 0.025510787963867188
proto_pollution_detection: 477.0474433898926
proto_pollution_reconstruction: 0.025272369384765625
