graph: 370.14275
import: 895
injection_detection: 147.99880981445312
injection_reconstruction: 0.0171661376953125
proto_pollution_detection: 977.4293899536133
proto_pollution_reconstruction: 0.025510787963867188
