graph: 112.50475
import: 981
injection_detection: 1347.9244709014893
injection_reconstruction: 0.04220008850097656
proto_pollution_detection: 488.61217498779297
proto_pollution_reconstruction: 0.015735626220703125
