graph: 345.508375
import: 649
injection_detection: 147.94349670410156
injection_reconstruction: 0.016689300537109375
proto_pollution_detection: 829.8325538635254
proto_pollution_reconstruction: 0.018358230590820312
