graph: 324.152166
import: 578
injection_detection: 143.97644996643066
injection_reconstruction: 0.017642974853515625
proto_pollution_detection: 846.259355545044
proto_pollution_reconstruction: 0.0171661376953125
