graph: 292.846959
import: 565
injection_detection: 90.01469612121582
injection_reconstruction: 0.024557113647460938
proto_pollution_detection: 492.5656318664551
proto_pollution_reconstruction: 0.019788742065429688
