graph: 151.598057
import: 1386
injection_detection: 1463.489294052124
proto_pollution_detection: 486.708402633667
