graph: 446.554666
import: 712
injection_detection: 223.96612167358398
injection_reconstruction: 5157.511949539185
proto_pollution_detection: 386.3503932952881
proto_pollution_reconstruction: 0.019788742065429688
