graph: 462.757666
import: 626
injection_detection: 189.866304397583
injection_reconstruction: 4940.468072891235
proto_pollution_detection: 305.94944953918457
proto_pollution_reconstruction: 0.019073486328125
