graph: 432.434251
import: 571
injection_detection: 104.08473014831543
injection_reconstruction: 4389.210939407349
proto_pollution_detection: 333.91261100769043
proto_pollution_reconstruction: 0.018358230590820312
