graph: 111.268708
import: 663
injection_detection: 1160.5150699615479
injection_reconstruction: 4205.35683631897
proto_pollution_detection: 90.62457084655762
proto_pollution_reconstruction: 0.014781951904296875
