graph: 523.651208
import: 658
injection_detection: 198.13799858093262
injection_reconstruction: 4981.215476989746
proto_pollution_detection: 319.18811798095703
proto_pollution_reconstruction: 0.018596649169921875
