graph: 126.52054
import: 1185
injection_detection: 2141.8402194976807
proto_pollution_detection: 725.5764007568359
