graph: 119.778493
import: 1136
injection_detection: 2151.7179012298584
proto_pollution_detection: 610.6367111206055
