graph: 2803.161312
import: 1345
injection_detection: 457.5841426849365
injection_reconstruction: 334.16080474853516
proto_pollution_detection: 1406.3329696655273
proto_pollution_reconstruction: 0.023126602172851562
