graph: 2815.709007
import: 1268
injection_detection: 405.9464931488037
injection_reconstruction: 366.3489818572998
proto_pollution_detection: 1451.2500762939453
proto_pollution_reconstruction: 0.03337860107421875
