graph: 259.661792
import: 848
injection_detection: 1118.7562942504883
injection_reconstruction: 0.03695487976074219
proto_pollution_detection: 1313.5511875152588
proto_pollution_reconstruction: 4000.0202655792236
