graph: 688.151584
import: 913
injection_detection: 78.81832122802734
injection_reconstruction: 0.017404556274414062
proto_pollution_detection: 1199.7597217559814
proto_pollution_reconstruction: 3934.244155883789
