graph: 566.801792
import: 682
injection_detection: 118.47662925720215
injection_reconstruction: 0.015974044799804688
proto_pollution_detection: 754.1263103485107
proto_pollution_reconstruction: 3836.1141681671143
