graph: 612.005417
import: 877
injection_detection: 73.45771789550781
injection_reconstruction: 0.025033950805664062
proto_pollution_detection: 975.9371280670166
proto_pollution_reconstruction: 3967.543840408325
