graph: 307.552791
import: 851
injection_detection: 1303.3149242401123
injection_reconstruction: 0.030040740966796875
proto_pollution_detection: 1616.1119937896729
proto_pollution_reconstruction: 3533.390760421753
