graph: 591.659292
import: 703
injection_detection: 77.51703262329102
injection_reconstruction: 0.015020370483398438
proto_pollution_detection: 967.1707153320312
proto_pollution_reconstruction: 3535.4974269866943
