graph: 530.699875
import: 686
injection_detection: 231.86278343200684
injection_reconstruction: 7366.777420043945
proto_pollution_detection: 353.0399799346924
proto_pollution_reconstruction: 0.015735626220703125
