graph: 3273.486318
import: 1511
injection_detection: 267.8554058074951
injection_reconstruction: 14394.708156585693
proto_pollution_detection: 867.8741455078125
proto_pollution_reconstruction: 0.04100799560546875
