graph: 187.965698
import: 1507
injection_detection: 2396.4619636535645
proto_pollution_detection: 790.8461093902588
