graph: 406.381667
import: 762
injection_detection: 1376.4724731445312
injection_reconstruction: 3383.753538131714
proto_pollution_detection: 146.03543281555176
proto_pollution_reconstruction: 0.025987625122070312
