graph: 133.226333
import: 799
injection_detection: 1259.260892868042
injection_reconstruction: 3086.103677749634
proto_pollution_detection: 171.04363441467285
proto_pollution_reconstruction: 0.038623809814453125
