graph: 315.984083
import: 633
injection_detection: 93.2474136352539
injection_reconstruction: 2725.264549255371
proto_pollution_detection: 334.29837226867676
proto_pollution_reconstruction: 0.016689300537109375
