graph: 430.134792
import: 747
injection_detection: 1428.4648895263672
injection_reconstruction: 3573.537588119507
proto_pollution_detection: 154.86550331115723
proto_pollution_reconstruction: 0.019073486328125
