graph: 353.531584
import: 703
injection_detection: 104.32767868041992
injection_reconstruction: 3690.2449131011963
proto_pollution_detection: 370.4071044921875
proto_pollution_reconstruction: 0.025033950805664062
