graph: 310.054542
import: 594
injection_detection: 92.5149917602539
injection_reconstruction: 3214.430093765259
proto_pollution_detection: 340.2571678161621
proto_pollution_reconstruction: 0.014781951904296875
