graph: 368.797751
import: 853
injection_detection: 162.7821922302246
injection_reconstruction: 2792.0429706573486
proto_pollution_detection: 351.55606269836426
proto_pollution_reconstruction: 0.020265579223632812
