graph: 357.125792
import: 614
injection_detection: 88.33074569702148
injection_reconstruction: 3790.689468383789
proto_pollution_detection: 378.4337043762207
proto_pollution_reconstruction: 0.019788742065429688
