graph: 92.280833
import: 635
injection_detection: 1121.868371963501
injection_reconstruction: 2505.417823791504
proto_pollution_detection: 153.66792678833008
proto_pollution_reconstruction: 0.01621246337890625
