graph: 247049.885655
import: 1708
injection_detection: 7491.3458824157715

Timed out
