graph: 229523.75498
import: 1647
injection_detection: 4969.352245330811

Timed out
