graph: 230079.225939
import: 1576
injection_detection: 5537.625789642334

Timed out
