graph: 472.288833
import: 712
injection_detection: 183.32767486572266
injection_reconstruction: 0.022172927856445312
proto_pollution_detection: 806.7104816436768
proto_pollution_reconstruction: 0.017404556274414062
