graph: 473.240334
import: 611
injection_detection: 103.47676277160645
injection_reconstruction: 0.015497207641601562
proto_pollution_detection: 489.948034286499
proto_pollution_reconstruction: 0.018596649169921875
