graph: 589.758958
import: 671
injection_detection: 172.40214347839355
injection_reconstruction: 0.019311904907226562
proto_pollution_detection: 811.7554187774658
proto_pollution_reconstruction: 0.020265579223632812
