graph: 127.893125
import: 696
injection_detection: 1096.3554382324219
injection_reconstruction: 0.018358230590820312
proto_pollution_detection: 382.7698230743408
proto_pollution_reconstruction: 0.0209808349609375
