graph: 173.389167
import: 857
injection_detection: 1637.5689506530762
injection_reconstruction: 0.0553131103515625
proto_pollution_detection: 439.5103454589844
proto_pollution_reconstruction: 0.021219253540039062
