graph: 587.418875
import: 846
injection_detection: 393.88561248779297
injection_reconstruction: 0.025033950805664062
proto_pollution_detection: 1426.614761352539
proto_pollution_reconstruction: 0.024080276489257812
