graph: 114.148917
import: 994
injection_detection: 1357.6221466064453
injection_reconstruction: 0.025272369384765625
proto_pollution_detection: 931.8397045135498
proto_pollution_reconstruction: 1884.2837810516357
