graph: 275.002458
import: 578
injection_detection: 122.82657623291016
injection_reconstruction: 0.019073486328125
proto_pollution_detection: 707.0791721343994
proto_pollution_reconstruction: 1182.6965808868408
