graph: 313.358792
import: 600
injection_detection: 96.33827209472656
injection_reconstruction: 0.016927719116210938
proto_pollution_detection: 1271.7366218566895
proto_pollution_reconstruction: 1399.1210460662842
