graph: 345.705458
import: 688
injection_detection: 202.4214267730713
injection_reconstruction: 0.01430511474609375
proto_pollution_detection: 1444.256067276001
proto_pollution_reconstruction: 1611.7942333221436
