graph: 124.489292
import: 981
injection_detection: 1484.668493270874
injection_reconstruction: 0.02574920654296875
proto_pollution_detection: 1124.9232292175293
proto_pollution_reconstruction: 2022.1030712127686
