graph: 2898.885216
import: 1297
injection_detection: 207.15975761413574
injection_reconstruction: 0.043392181396484375
proto_pollution_detection: 2193.833589553833
proto_pollution_reconstruction: 2295.8242893218994
