graph: 327.454334
import: 653
injection_detection: 94.16341781616211
injection_reconstruction: 0.017404556274414062
proto_pollution_detection: 1181.8721294403076
proto_pollution_reconstruction: 1361.6037368774414
