graph: 80.016083
import: 646
injection_detection: 1052.5410175323486
injection_reconstruction: 0.02193450927734375
proto_pollution_detection: 792.8848266601562
proto_pollution_reconstruction: 1553.1775951385498
