graph: 378.450834
import: 600
injection_detection: 93.91498565673828
injection_reconstruction: 0.015497207641601562
proto_pollution_detection: 1000.0264644622803
proto_pollution_reconstruction: 3718.777894973755
