graph: 106.340166
import: 1103
injection_detection: 1418.044090270996
injection_reconstruction: 0.04076957702636719
proto_pollution_detection: 1089.7119045257568
proto_pollution_reconstruction: 5916.169166564941
