graph: 107.027208
import: 754
injection_detection: 1570.293664932251
injection_reconstruction: 0.02384185791015625
proto_pollution_detection: 937.0629787445068
proto_pollution_reconstruction: 5953.088760375977
