graph: 373.326876
import: 684
injection_detection: 114.51983451843262
injection_reconstruction: 0.021219253540039062
proto_pollution_detection: 644.3758010864258
proto_pollution_reconstruction: 3832.569360733032
