graph: 104.390208
import: 793
injection_detection: 1303.5318851470947
injection_reconstruction: 0.026702880859375
proto_pollution_detection: 918.6532497406006
