graph: 375.866334
import: 761
injection_detection: 140.9437656402588
injection_reconstruction: 0.019550323486328125
proto_pollution_detection: 1000.396728515625
proto_pollution_reconstruction: 3960.4644775390625
