graph: 405.416167
import: 656
injection_detection: 282.07898139953613
injection_reconstruction: 0.10395050048828125
proto_pollution_detection: 1170.276403427124
proto_pollution_reconstruction: 2759.223461151123
