graph: 104.126208
import: 784
injection_detection: 1371.380090713501
injection_reconstruction: 0.017642974853515625
proto_pollution_detection: 901.3392925262451
proto_pollution_reconstruction: 5802.698612213135
