graph: 448.394083
import: 668
injection_detection: 86.22384071350098
injection_reconstruction: 0.016927719116210938
proto_pollution_detection: 979.0709018707275
proto_pollution_reconstruction: 1948.4386444091797
