graph: 3019.017387
import: 1478
injection_detection: 148.66089820861816
injection_reconstruction: 0.03814697265625
proto_pollution_detection: 2673.9823818206787
proto_pollution_reconstruction: 5341.607332229614
