graph: 153.424041
import: 768
injection_detection: 1337.5563621520996
injection_reconstruction: 0.019788742065429688
proto_pollution_detection: 1092.7250385284424
proto_pollution_reconstruction: 3315.701961517334
