graph: 439.353667
import: 717
injection_detection: 83.78291130065918
injection_reconstruction: 0.024557113647460938
proto_pollution_detection: 1266.556739807129
proto_pollution_reconstruction: 1897.0091342926025
