graph: 368.205708
import: 604
injection_detection: 86.3037109375
injection_reconstruction: 0.018835067749023438
proto_pollution_detection: 679.2573928833008
proto_pollution_reconstruction: 1667.708396911621
