graph: 242.57775
import: 978
injection_detection: 1771.996021270752
injection_reconstruction: 0.050067901611328125
proto_pollution_detection: 1265.5303478240967
proto_pollution_reconstruction: 3844.0589904785156
