graph: 431.989334
import: 684
injection_detection: 96.05693817138672
injection_reconstruction: 0.022649765014648438
proto_pollution_detection: 1085.5271816253662
proto_pollution_reconstruction: 1942.8842067718506
