graph: 179.152625
import: 728
injection_detection: 1391.4082050323486
injection_reconstruction: 0.015974044799804688
proto_pollution_detection: 444.671630859375
proto_pollution_reconstruction: 0.016450881958007812
