graph: 126.227083
import: 763
injection_detection: 1172.9187965393066
injection_reconstruction: 0.01621246337890625
proto_pollution_detection: 393.2347297668457
proto_pollution_reconstruction: 0.024080276489257812
