graph: 423.7565
import: 605
injection_detection: 189.3930435180664
injection_reconstruction: 0.025510787963867188
proto_pollution_detection: 864.3379211425781
proto_pollution_reconstruction: 0.019788742065429688
