graph: 484.570208
import: 696
injection_detection: 193.67074966430664
injection_reconstruction: 0.021696090698242188
proto_pollution_detection: 1168.0653095245361
proto_pollution_reconstruction: 0.043392181396484375
