graph: 393.384708
import: 559
injection_detection: 113.19565773010254
injection_reconstruction: 0.017881393432617188
proto_pollution_detection: 513.0519866943359
proto_pollution_reconstruction: 0.02002716064453125
