graph: 459.516626
import: 812
injection_detection: 196.26235961914062
injection_reconstruction: 0.024080276489257812
proto_pollution_detection: 935.8720779418945
proto_pollution_reconstruction: 0.024080276489257812
