graph: 73.2445
import: 640
injection_detection: 1179.8315048217773
injection_reconstruction: 0.019073486328125
proto_pollution_detection: 393.79310607910156
proto_pollution_reconstruction: 0.01811981201171875
