graph: 657.919667
import: 780
injection_detection: 152.24695205688477
injection_reconstruction: 5328.999042510986
proto_pollution_detection: 372.5168704986572
proto_pollution_reconstruction: 0.01811981201171875
