graph: 775.335751
import: 789
injection_detection: 113.67630958557129
injection_reconstruction: 5605.762481689453
proto_pollution_detection: 297.100305557251
proto_pollution_reconstruction: 0.016689300537109375
