graph: 664.669334
import: 684
injection_detection: 139.3911838531494
injection_reconstruction: 5070.420026779175
proto_pollution_detection: 325.6974220275879
proto_pollution_reconstruction: 0.0247955322265625
