graph: 3302.983306
import: 1410
injection_detection: 435.28223037719727
injection_reconstruction: 10352.787017822266
proto_pollution_detection: 1180.2942752838135
proto_pollution_reconstruction: 0.03933906555175781
