graph: 528.450209
import: 708
injection_detection: 204.30326461791992
injection_reconstruction: 1948.303461074829
proto_pollution_detection: 463.8659954071045
proto_pollution_reconstruction: 0.019788742065429688
