graph: 239.788638
import: 1394
injection_detection: 1582.1561813354492
proto_pollution_detection: 554.889440536499
