graph: 598.492625
import: 729
injection_detection: 246.17671966552734
injection_reconstruction: 2318.012237548828
proto_pollution_detection: 590.5585289001465
proto_pollution_reconstruction: 0.025510787963867188
