graph: 153.932958
import: 845
injection_detection: 1281.3096046447754
injection_reconstruction: 2431.9989681243896
proto_pollution_detection: 193.79544258117676
proto_pollution_reconstruction: 0.015974044799804688
