graph: 580.695209
import: 731
injection_detection: 238.64507675170898
injection_reconstruction: 2984.1837882995605
proto_pollution_detection: 858.9992523193359
proto_pollution_reconstruction: 0.0476837158203125
