graph: 254.145135
import: 1561
injection_detection: 2373.1753826141357
proto_pollution_detection: 934.131383895874
