graph: 505.15075
import: 623
injection_detection: 109.51828956604004
injection_reconstruction: 1550.0741004943848
proto_pollution_detection: 407.01985359191895
proto_pollution_reconstruction: 0.019788742065429688
