graph: 3408.355401
import: 1746
injection_detection: 460.47425270080566
injection_reconstruction: 7955.141544342041
proto_pollution_detection: 544.5432662963867
proto_pollution_reconstruction: 0.031948089599609375
