graph: 567.644001
import: 716
injection_detection: 232.27596282958984
injection_reconstruction: 4677.599906921387
proto_pollution_detection: 399.70970153808594
proto_pollution_reconstruction: 0.01811981201171875
