graph: 461.887459
import: 676
injection_detection: 110.72015762329102
injection_reconstruction: 3844.8686599731445
proto_pollution_detection: 341.7074680328369
proto_pollution_reconstruction: 0.01621246337890625
