graph: 566.295667
import: 781
injection_detection: 98.79779815673828
injection_reconstruction: 4868.427038192749
proto_pollution_detection: 330.8675289154053
proto_pollution_reconstruction: 0.016450881958007812
