graph: 504.3795
import: 685
injection_detection: 125.94318389892578
injection_reconstruction: 4514.642953872681
proto_pollution_detection: 325.30760765075684
proto_pollution_reconstruction: 0.022649765014648438
