graph: 207.552459
import: 810
injection_detection: 1514.0883922576904
injection_reconstruction: 12342.444896697998
proto_pollution_detection: 119.45343017578125
proto_pollution_reconstruction: 0.02193450927734375
