graph: 14337.947424
import: 923
injection_detection: 1414.9682521820068
injection_reconstruction: 13710.675477981567
proto_pollution_detection: 149.47223663330078
proto_pollution_reconstruction: 0.019550323486328125
