graph: 929.0485
import: 777
injection_detection: 141.08610153198242
injection_reconstruction: 9267.951965332031
proto_pollution_detection: 425.5104064941406
proto_pollution_reconstruction: 0.018596649169921875
