graph: 229.777083
import: 885
injection_detection: 1328.282356262207
injection_reconstruction: 14170.506715774536
proto_pollution_detection: 132.00116157531738
proto_pollution_reconstruction: 0.024557113647460938
