graph: 200.124416
import: 786
injection_detection: 1237.38694190979
injection_reconstruction: 11526.137351989746
proto_pollution_detection: 111.82308197021484
proto_pollution_reconstruction: 0.01811981201171875
