graph: 866.2195
import: 789
injection_detection: 125.6103515625
injection_reconstruction: 8275.416135787964
proto_pollution_detection: 381.33716583251953
proto_pollution_reconstruction: 0.022411346435546875
