graph: 13793.930965
import: 935
injection_detection: 1459.6140384674072
injection_reconstruction: 14248.868227005005
proto_pollution_detection: 138.28444480895996
proto_pollution_reconstruction: 0.0209808349609375
