graph: 635.980751
import: 691
injection_detection: 116.52421951293945
injection_reconstruction: 7391.396760940552
proto_pollution_detection: 302.3865222930908
proto_pollution_reconstruction: 0.022649765014648438
