graph: 786.232584
import: 866
injection_detection: 164.71481323242188
injection_reconstruction: 10267.430067062378
proto_pollution_detection: 442.4893856048584
proto_pollution_reconstruction: 0.03981590270996094
