graph: 688.417917
import: 851
injection_detection: 139.50657844543457
injection_reconstruction: 8421.32830619812
proto_pollution_detection: 384.11998748779297
proto_pollution_reconstruction: 0.017642974853515625
