graph: 657.139375
import: 832
injection_detection: 221.2355136871338
injection_reconstruction: 5494.201183319092
proto_pollution_detection: 316.96176528930664
proto_pollution_reconstruction: 0.020265579223632812
