graph: 634.470209
import: 701
injection_detection: 129.6858787536621
injection_reconstruction: 5087.98360824585
proto_pollution_detection: 314.84127044677734
proto_pollution_reconstruction: 0.016689300537109375
