graph: 678.217042
import: 773
injection_detection: 241.35899543762207
injection_reconstruction: 5861.302614212036
proto_pollution_detection: 338.620662689209
proto_pollution_reconstruction: 0.019550323486328125
