graph: 662.9355
import: 724
injection_detection: 220.8716869354248
injection_reconstruction: 6036.847114562988
proto_pollution_detection: 394.03462409973145
proto_pollution_reconstruction: 0.018358230590820312
