graph: 285.2725
import: 896
injection_detection: 1200.7551193237305
injection_reconstruction: 5903.9411544799805
proto_pollution_detection: 83.37140083312988
proto_pollution_reconstruction: 0.0152587890625
