graph: 390.996091
import: 1662
injection_detection: 2123.3723163604736
proto_pollution_detection: 657.8569412231445
