graph: 2980.528049
import: 1437
injection_detection: 178.9693832397461
injection_reconstruction: 8884.510517120361
proto_pollution_detection: 1191.1892890930176
proto_pollution_reconstruction: 0.03218650817871094
