graph: 556.960083
import: 664
injection_detection: 90.31152725219727
injection_reconstruction: 0.031232833862304688
proto_pollution_detection: 3025.413990020752
proto_pollution_reconstruction: 4303.463697433472
