graph: 708.448208
import: 745
injection_detection: 96.03691101074219
injection_reconstruction: 0.030279159545898438
proto_pollution_detection: 3418.1954860687256
proto_pollution_reconstruction: 3529.1712284088135
