graph: 211.970708
import: 926
injection_detection: 1367.0709133148193
injection_reconstruction: 0.015735626220703125
proto_pollution_detection: 1083.4558010101318
proto_pollution_reconstruction: 3143.6550617218018
