graph: 248.387375
import: 1176
injection_detection: 1833.6777687072754
injection_reconstruction: 0.06389617919921875
proto_pollution_detection: 1740.7760620117188
proto_pollution_reconstruction: 5854.079008102417
