graph: 554.614167
import: 843
injection_detection: 88.61041069030762
injection_reconstruction: 0.01811981201171875
proto_pollution_detection: 3091.5675163269043
proto_pollution_reconstruction: 3369.8935508728027
