graph: 502.543083
import: 654
injection_detection: 97.99551963806152
injection_reconstruction: 0.027418136596679688
proto_pollution_detection: 2822.389602661133
proto_pollution_reconstruction: 4068.554162979126
