graph: 3363.128415
import: 1375
injection_detection: 239.85052108764648
injection_reconstruction: 10900.107383728027
proto_pollution_detection: 535.60471534729
proto_pollution_reconstruction: 0.016689300537109375
