graph: 595.228333
import: 687
injection_detection: 122.40719795227051
injection_reconstruction: 4153.53798866272
proto_pollution_detection: 333.47630500793457
proto_pollution_reconstruction: 0.020742416381835938
