graph: 3196.881776
import: 1509
injection_detection: 222.46980667114258
injection_reconstruction: 7521.998882293701
proto_pollution_detection: 555.9797286987305
proto_pollution_reconstruction: 0.03409385681152344
