graph: 176.971882
import: 1390
injection_detection: 2049.060583114624
proto_pollution_detection: 691.0731792449951
