graph: 125.2255
import: 768
injection_detection: 1471.9665050506592
injection_reconstruction: 2186.697244644165
proto_pollution_detection: 142.98367500305176
proto_pollution_reconstruction: 0.021457672119140625
