graph: 384.991
import: 580
injection_detection: 105.04269599914551
injection_reconstruction: 961.8597030639648
proto_pollution_detection: 383.63122940063477
proto_pollution_reconstruction: 0.019311904907226562
