graph: 182.885167
import: 806
injection_detection: 1516.3633823394775
injection_reconstruction: 2292.276620864868
proto_pollution_detection: 147.24397659301758
proto_pollution_reconstruction: 0.01811981201171875
