graph: 439.885666
import: 643
injection_detection: 206.79140090942383
injection_reconstruction: 1431.6520690917969
proto_pollution_detection: 466.51268005371094
proto_pollution_reconstruction: 0.046253204345703125
