graph: 68.848042
import: 595
injection_detection: 1092.940092086792
injection_reconstruction: 2122.504711151123
proto_pollution_detection: 120.23019790649414
proto_pollution_reconstruction: 0.015974044799804688
