graph: 471.942501
import: 623
injection_detection: 203.55963706970215
injection_reconstruction: 1366.7106628417969
proto_pollution_detection: 527.5483131408691
proto_pollution_reconstruction: 0.01811981201171875
