graph: 393.061459
import: 558
injection_detection: 175.08959770202637
injection_reconstruction: 1350.1362800598145
proto_pollution_detection: 447.37911224365234
proto_pollution_reconstruction: 0.017642974853515625
