graph: 87.214625
import: 721
injection_detection: 1521.4629173278809
injection_reconstruction: 2391.6380405426025
proto_pollution_detection: 150.5577564239502
proto_pollution_reconstruction: 0.018596649169921875
