graph: 84.863959
import: 904
injection_detection: 1075.4551887512207
injection_reconstruction: 1471.4794158935547
proto_pollution_detection: 122.19429016113281
proto_pollution_reconstruction: 0.020742416381835938
