graph: 501.187333
import: 690
injection_detection: 193.03202629089355
injection_reconstruction: 1350.9445190429688
proto_pollution_detection: 473.91223907470703
proto_pollution_reconstruction: 0.017404556274414062
