graph: 115.361583
import: 1516
injection_detection: 2391.244411468506
proto_pollution_detection: 762.7725601196289
