graph: 451.425625
import: 697
injection_detection: 178.97820472717285
injection_reconstruction: 0.019073486328125
proto_pollution_detection: 818.6731338500977
proto_pollution_reconstruction: 0.020742416381835938
