graph: 125.492542
import: 852
injection_detection: 1338.1907939910889
injection_reconstruction: 0.020265579223632812
proto_pollution_detection: 635.7536315917969
proto_pollution_reconstruction: 0.024080276489257812
