graph: 427.954708
import: 874
injection_detection: 190.83070755004883
injection_reconstruction: 0.02002716064453125
proto_pollution_detection: 935.5678558349609
proto_pollution_reconstruction: 0.028133392333984375
