graph: 398.207334
import: 595
injection_detection: 104.81429100036621
injection_reconstruction: 0.017881393432617188
proto_pollution_detection: 517.585277557373
proto_pollution_reconstruction: 0.01811981201171875
