graph: 117.398455
import: 1326
injection_detection: 2316.528081893921
proto_pollution_detection: 850.1925468444824
