graph: 454.430958
import: 624
injection_detection: 197.22700119018555
injection_reconstruction: 0.018358230590820312
proto_pollution_detection: 820.4891681671143
proto_pollution_reconstruction: 0.019788742065429688
