graph: 160.274666
import: 910
injection_detection: 1744.7547912597656
injection_reconstruction: 0.034332275390625
proto_pollution_detection: 677.3900985717773
proto_pollution_reconstruction: 0.029325485229492188
