graph: 3199.37454
import: 1406
injection_detection: 189.697265625
injection_reconstruction: 9152.337789535522
proto_pollution_detection: 1264.6942138671875
proto_pollution_reconstruction: 0.034809112548828125
