graph: 157.351959
import: 858
injection_detection: 1338.223934173584
injection_reconstruction: 0.03886222839355469
proto_pollution_detection: 1366.0123348236084
proto_pollution_reconstruction: 6950.361490249634
