graph: 502.193625
import: 715
injection_detection: 92.88549423217773
injection_reconstruction: 0.02193450927734375
proto_pollution_detection: 1801.3567924499512
proto_pollution_reconstruction: 3834.4218730926514
