graph: 176.726375
import: 986
injection_detection: 1362.2515201568604
injection_reconstruction: 0.030279159545898438
proto_pollution_detection: 1307.7473640441895
proto_pollution_reconstruction: 10211.707592010498
