graph: 170.943375
import: 896
injection_detection: 1358.1693172454834
injection_reconstruction: 0.02288818359375
proto_pollution_detection: 1398.6127376556396
proto_pollution_reconstruction: 9334.081172943115
