graph: 447.050333
import: 767
injection_detection: 146.6231346130371
injection_reconstruction: 0.0247955322265625
proto_pollution_detection: 1575.8907794952393
proto_pollution_reconstruction: 4985.140562057495
