graph: 169.531125
import: 935
injection_detection: 1229.2101383209229
injection_reconstruction: 0.019311904907226562
proto_pollution_detection: 1359.2331409454346
proto_pollution_reconstruction: 10839.760065078735
