graph: 428.257084
import: 686
injection_detection: 118.70217323303223
injection_reconstruction: 0.024318695068359375
proto_pollution_detection: 1713.6328220367432
proto_pollution_reconstruction: 5319.162607192993
