graph: 2385.815418
import: 985
injection_detection: 124.68338012695312
injection_reconstruction: 4032.5801372528076
proto_pollution_detection: 474.564790725708
proto_pollution_reconstruction: 0.036716461181640625
