graph: 2479.08721
import: 1023
injection_detection: 116.23692512512207
injection_reconstruction: 6027.270555496216
proto_pollution_detection: 423.34461212158203
proto_pollution_reconstruction: 0.02384185791015625
