graph: 171.976916
import: 1058
injection_detection: 1370.8255290985107
injection_reconstruction: 0.019311904907226562
proto_pollution_detection: 459.92279052734375
proto_pollution_reconstruction: 0.019550323486328125
