graph: 161.826375
import: 1514
injection_detection: 1663.564920425415
injection_reconstruction: 0.022649765014648438
proto_pollution_detection: 543.9910888671875
proto_pollution_reconstruction: 0.023365020751953125
