graph: 610.678501
import: 723
injection_detection: 176.29408836364746
injection_reconstruction: 0.01621246337890625
proto_pollution_detection: 802.2794723510742
proto_pollution_reconstruction: 0.020503997802734375
