graph: 610.526834
import: 777
injection_detection: 185.8041286468506
injection_reconstruction: 0.019311904907226562
proto_pollution_detection: 932.2423934936523
proto_pollution_reconstruction: 0.023603439331054688
