graph: 135.970709
import: 785
injection_detection: 1283.5228443145752
injection_reconstruction: 0.0209808349609375
proto_pollution_detection: 462.86988258361816
proto_pollution_reconstruction: 0.021696090698242188
