graph: 483.012
import: 659
injection_detection: 177.2303581237793
injection_reconstruction: 0.015735626220703125
proto_pollution_detection: 791.9261455535889
proto_pollution_reconstruction: 0.027894973754882812
