graph: 478.826875
import: 626
injection_detection: 108.7348461151123
injection_reconstruction: 0.015735626220703125
proto_pollution_detection: 516.9150829315186
proto_pollution_reconstruction: 0.028133392333984375
