graph: 173.873875
import: 807
injection_detection: 1369.243860244751
injection_reconstruction: 0.0247955322265625
proto_pollution_detection: 460.6971740722656
proto_pollution_reconstruction: 0.021219253540039062
