graph: 547.700916
import: 730
injection_detection: 187.4372959136963
injection_reconstruction: 0.024318695068359375
proto_pollution_detection: 997.2848892211914
proto_pollution_reconstruction: 0.04363059997558594
