graph: 123.420666
import: 693
injection_detection: 1162.597417831421
injection_reconstruction: 0.0171661376953125
proto_pollution_detection: 382.50160217285156
proto_pollution_reconstruction: 0.021219253540039062
