graph: 808.937292
import: 922
injection_detection: 220.10374069213867
injection_reconstruction: 0.024080276489257812
proto_pollution_detection: 1676.481008529663
proto_pollution_reconstruction: 3865.0741577148438
