graph: 660.15925
import: 750
injection_detection: 186.2039566040039
injection_reconstruction: 0.0171661376953125
proto_pollution_detection: 1363.8367652893066
proto_pollution_reconstruction: 3320.8110332489014
