graph: 322.166208
import: 1029
injection_detection: 1387.4952793121338
injection_reconstruction: 0.019788742065429688
proto_pollution_detection: 1204.9717903137207
proto_pollution_reconstruction: 3364.6671772003174
