graph: 664.658875
import: 709
injection_detection: 111.12809181213379
injection_reconstruction: 0.020265579223632812
proto_pollution_detection: 885.291337966919
proto_pollution_reconstruction: 3312.5159740448
