graph: 267.828167
import: 971
injection_detection: 1374.821662902832
injection_reconstruction: 0.027418136596679688
proto_pollution_detection: 1133.5804462432861
proto_pollution_reconstruction: 3435.4681968688965
