graph: 904.855292
import: 880
injection_detection: 208.50110054016113
injection_reconstruction: 0.023126602172851562
proto_pollution_detection: 2503.9966106414795
proto_pollution_reconstruction: 3815.824270248413
