graph: 525.100542
import: 649
injection_detection: 203.92370223999023
injection_reconstruction: 5383.254528045654
proto_pollution_detection: 311.8119239807129
proto_pollution_reconstruction: 0.015735626220703125
