graph: 110.402709
import: 706
injection_detection: 1159.059762954712
injection_reconstruction: 2873.1956481933594
proto_pollution_detection: 124.81045722961426
proto_pollution_reconstruction: 0.0152587890625
