graph: 631.53925
import: 828
injection_detection: 1484.1785430908203
injection_reconstruction: 7721.174716949463
proto_pollution_detection: 180.9065341949463
proto_pollution_reconstruction: 0.020265579223632812
