graph: 628.093583
import: 821
injection_detection: 1512.4790668487549
injection_reconstruction: 6009.244680404663
proto_pollution_detection: 110.43596267700195
proto_pollution_reconstruction: 0.025033950805664062
