graph: 125.15
import: 701
injection_detection: 1213.437557220459
injection_reconstruction: 2889.608383178711
proto_pollution_detection: 121.95372581481934
proto_pollution_reconstruction: 0.017404556274414062
