graph: 573.539917
import: 719
injection_detection: 207.07321166992188
injection_reconstruction: 5582.57532119751
proto_pollution_detection: 343.0008888244629
proto_pollution_reconstruction: 0.017404556274414062
