graph: 484.239667
import: 620
injection_detection: 189.28074836730957
injection_reconstruction: 4574.204683303833
proto_pollution_detection: 381.0741901397705
proto_pollution_reconstruction: 0.019788742065429688
