graph: 479.23325
import: 611
injection_detection: 109.56978797912598
injection_reconstruction: 4890.6614780426025
proto_pollution_detection: 366.5931224822998
proto_pollution_reconstruction: 0.021219253540039062
