graph: 136.492542
import: 761
injection_detection: 1318.3672428131104
injection_reconstruction: 3149.514675140381
proto_pollution_detection: 143.62192153930664
proto_pollution_reconstruction: 0.022649765014648438
