graph: 522.133708
import: 632
injection_detection: 199.07474517822266
injection_reconstruction: 4846.312046051025
proto_pollution_detection: 377.1040439605713
proto_pollution_reconstruction: 0.016450881958007812
