graph: 1152.912917
import: 766
injection_detection: 106.65488243103027
injection_reconstruction: 0.019550323486328125
proto_pollution_detection: 1455.6450843811035
proto_pollution_reconstruction: 4997.091054916382
