graph: 1659.847167
import: 1469
injection_detection: 98.88815879821777
injection_reconstruction: 0.016689300537109375
proto_pollution_detection: 3080.820083618164
proto_pollution_reconstruction: 6745.224714279175
