graph: 1164.505459
import: 919
injection_detection: 88.0289077758789
injection_reconstruction: 0.014066696166992188
proto_pollution_detection: 1772.6848125457764
proto_pollution_reconstruction: 5171.225070953369
