graph: 463.675333
import: 855
injection_detection: 1110.6395721435547
injection_reconstruction: 0.014543533325195312
proto_pollution_detection: 4002.349615097046
proto_pollution_reconstruction: 7487.245082855225
