graph: 595.225958
import: 1021
injection_detection: 1371.2725639343262
injection_reconstruction: 0.018358230590820312
proto_pollution_detection: 4937.286138534546
proto_pollution_reconstruction: 8453.557014465332
