graph: 1207.016793
import: 774
injection_detection: 79.38671112060547
injection_reconstruction: 0.017404556274414062
proto_pollution_detection: 1801.450490951538
proto_pollution_reconstruction: 5108.058929443359
