graph: 578.669737
import: 1944
injection_detection: 2628.4539699554443
proto_pollution_detection: 8354.395151138306
