graph: 79.900833
import: 583
injection_detection: 1071.7885494232178
injection_reconstruction: 0.020265579223632812
proto_pollution_detection: 350.45576095581055
proto_pollution_reconstruction: 0.019788742065429688
