graph: 315.500042
import: 467
injection_detection: 153.5804271697998
injection_reconstruction: 0.019073486328125
proto_pollution_detection: 705.4848670959473
proto_pollution_reconstruction: 0.018835067749023438
