graph: 341.955
import: 538
injection_detection: 149.9490737915039
injection_reconstruction: 0.021219253540039062
proto_pollution_detection: 782.3894023895264
proto_pollution_reconstruction: 0.03528594970703125
