graph: 259.700875
import: 418
injection_detection: 84.81574058532715
injection_reconstruction: 0.021219253540039062
proto_pollution_detection: 401.0159969329834
proto_pollution_reconstruction: 0.029087066650390625
