graph: 97.151792
import: 561
injection_detection: 1294.9166297912598
injection_reconstruction: 0.02765655517578125
proto_pollution_detection: 388.9462947845459
proto_pollution_reconstruction: 0.020742416381835938
