graph: 295.608167
import: 452
injection_detection: 131.01983070373535
injection_reconstruction: 0.016450881958007812
proto_pollution_detection: 699.6781826019287
proto_pollution_reconstruction: 0.02574920654296875
