graph: 2857.34094
import: 1256
injection_detection: 466.1076068878174
injection_reconstruction: 380.0814151763916
proto_pollution_detection: 2199.0909576416016
proto_pollution_reconstruction: 0.04267692565917969
