graph: 2841.233111
import: 1265
injection_detection: 443.65525245666504
injection_reconstruction: 419.173002243042
proto_pollution_detection: 1489.9346828460693
proto_pollution_reconstruction: 0.03528594970703125
