graph: 3135.600636
import: 1540
injection_detection: 407.7908992767334
injection_reconstruction: 7665.006637573242
proto_pollution_detection: 524.3124961853027
proto_pollution_reconstruction: 0.03409385681152344
