graph: 179.208965
import: 1429
injection_detection: 2358.7493896484375
proto_pollution_detection: 526.2022018432617
