graph: 178.994
import: 757
injection_detection: 1334.4130516052246
injection_reconstruction: 0.026464462280273438
proto_pollution_detection: 483.59179496765137
proto_pollution_reconstruction: 0.01811981201171875
