graph: 352.975042
import: 657
injection_detection: 134.78326797485352
injection_reconstruction: 0.03528594970703125
proto_pollution_detection: 861.4280223846436
proto_pollution_reconstruction: 0.01621246337890625
