graph: 407.417292
import: 757
injection_detection: 145.78485488891602
injection_reconstruction: 0.023365020751953125
proto_pollution_detection: 915.6877994537354
proto_pollution_reconstruction: 0.017642974853515625
