graph: 378.955875
import: 715
injection_detection: 155.90691566467285
injection_reconstruction: 0.025510787963867188
proto_pollution_detection: 582.8721523284912
proto_pollution_reconstruction: 0.028371810913085938
