graph: 132.582917
import: 793
injection_detection: 1295.9909439086914
injection_reconstruction: 0.024080276489257812
proto_pollution_detection: 467.6046371459961
proto_pollution_reconstruction: 0.0209808349609375
