graph: 133.898208
import: 905
injection_detection: 1427.3741245269775
injection_reconstruction: 0.029802322387695312
proto_pollution_detection: 476.26757621765137
proto_pollution_reconstruction: 0.0247955322265625
