graph: 140.530667
import: 848
injection_detection: 1326.1902332305908
injection_reconstruction: 0.02193450927734375
proto_pollution_detection: 524.8074531555176
proto_pollution_reconstruction: 0.019311904907226562
