graph: 367.373709
import: 1162
injection_detection: 114.60399627685547
injection_reconstruction: 0.034332275390625
proto_pollution_detection: 778.7158489227295
proto_pollution_reconstruction: 0.019073486328125
