graph: 585.692292
import: 761
injection_detection: 261.84558868408203
injection_reconstruction: 5324.422359466553
proto_pollution_detection: 419.9972152709961
proto_pollution_reconstruction: 0.030040740966796875
