graph: 536.207584
import: 667
injection_detection: 206.9540023803711
injection_reconstruction: 6468.087196350098
proto_pollution_detection: 395.88427543640137
proto_pollution_reconstruction: 0.014781951904296875
