graph: 527.12725
import: 715
injection_detection: 207.88288116455078
injection_reconstruction: 4724.066734313965
proto_pollution_detection: 383.0294609069824
proto_pollution_reconstruction: 0.03170967102050781
