graph: 1949.142084
import: 862
injection_detection: 1399.4059562683105
injection_reconstruction: 5272.303104400635
proto_pollution_detection: 144.6399688720703
proto_pollution_reconstruction: 0.022411346435546875
