graph: 1928.834793
import: 824
injection_detection: 1413.827896118164
injection_reconstruction: 5508.9170932769775
proto_pollution_detection: 150.38132667541504
proto_pollution_reconstruction: 0.023365020751953125
