graph: 471.183334
import: 718
injection_detection: 231.03809356689453
injection_reconstruction: 4850.276470184326
proto_pollution_detection: 375.2787113189697
proto_pollution_reconstruction: 0.019311904907226562
