graph: 201.519208
import: 978
injection_detection: 1291.6595935821533
injection_reconstruction: 3962.4500274658203
proto_pollution_detection: 141.3900852203369
proto_pollution_reconstruction: 0.028371810913085938
