graph: 161.581959
import: 724
injection_detection: 1158.520221710205
injection_reconstruction: 3667.9561138153076
proto_pollution_detection: 124.79925155639648
proto_pollution_reconstruction: 0.019788742065429688
