graph: 460.658667
import: 661
injection_detection: 128.20839881896973
injection_reconstruction: 5227.593898773193
proto_pollution_detection: 313.01140785217285
proto_pollution_reconstruction: 0.017881393432617188
