graph: 424.882125
import: 590
injection_detection: 204.6656608581543
injection_reconstruction: 3088.9415740966797
proto_pollution_detection: 372.00045585632324
proto_pollution_reconstruction: 0.015735626220703125
