graph: 196.9655
import: 783
injection_detection: 1478.2261848449707
injection_reconstruction: 4023.500919342041
proto_pollution_detection: 124.04704093933105
proto_pollution_reconstruction: 0.058650970458984375
