graph: 543.143959
import: 697
injection_detection: 186.6903305053711
injection_reconstruction: 4314.48769569397
proto_pollution_detection: 400.32219886779785
proto_pollution_reconstruction: 0.019311904907226562
