graph: 96.986792
import: 840
injection_detection: 1297.370433807373
injection_reconstruction: 2958.667039871216
proto_pollution_detection: 119.42744255065918
proto_pollution_reconstruction: 0.01811981201171875
