graph: 90.243334
import: 638
injection_detection: 1153.8379192352295
injection_reconstruction: 2766.7486667633057
proto_pollution_detection: 134.43446159362793
proto_pollution_reconstruction: 0.019550323486328125
