graph: 548.789084
import: 962
injection_detection: 279.5374393463135
injection_reconstruction: 3348.306894302368
proto_pollution_detection: 405.794620513916
proto_pollution_reconstruction: 0.028848648071289062
