graph: 487.195667
import: 691
injection_detection: 206.10809326171875
injection_reconstruction: 4081.9015502929688
proto_pollution_detection: 338.89198303222656
proto_pollution_reconstruction: 0.016689300537109375
