graph: 220.5395
import: 893
injection_detection: 1523.782730102539
injection_reconstruction: 3938.127279281616
proto_pollution_detection: 151.1249542236328
proto_pollution_reconstruction: 0.04982948303222656
