graph: 409.036083
import: 580
injection_detection: 109.38119888305664
injection_reconstruction: 3618.8409328460693
proto_pollution_detection: 312.04867362976074
proto_pollution_reconstruction: 0.016927719116210938
