graph: 341.334833
import: 684
injection_detection: 146.61192893981934
injection_reconstruction: 0.016927719116210938
proto_pollution_detection: 853.1680107116699
proto_pollution_reconstruction: 0.016927719116210938
