graph: 134.729167
import: 812
injection_detection: 1572.7171897888184
injection_reconstruction: 0.036716461181640625
proto_pollution_detection: 716.289758682251
proto_pollution_reconstruction: 0.030040740966796875
