graph: 115.549292
import: 722
injection_detection: 1262.4542713165283
injection_reconstruction: 0.03552436828613281
proto_pollution_detection: 488.11864852905273
proto_pollution_reconstruction: 0.023603439331054688
