graph: 360.437376
import: 759
injection_detection: 224.9903678894043
injection_reconstruction: 0.019311904907226562
proto_pollution_detection: 1259.9406242370605
proto_pollution_reconstruction: 0.037670135498046875
