graph: 2390.872084
import: 1188
injection_detection: 95.88885307312012
injection_reconstruction: 7306.335926055908
proto_pollution_detection: 424.4799613952637
proto_pollution_reconstruction: 0.029802322387695312
