graph: 2383.841543
import: 970
injection_detection: 97.12743759155273
injection_reconstruction: 5794.694662094116
proto_pollution_detection: 338.7570381164551
proto_pollution_reconstruction: 0.017642974853515625
