graph: 2368.517209
import: 1177
injection_detection: 116.12606048583984
injection_reconstruction: 4319.890737533569
proto_pollution_detection: 517.519474029541
proto_pollution_reconstruction: 0.026464462280273438
