graph: 2472.035876
import: 1051
injection_detection: 139.95718955993652
injection_reconstruction: 4230.401277542114
proto_pollution_detection: 463.2875919342041
proto_pollution_reconstruction: 0.024557113647460938
