graph: 301.891834
import: 648
injection_detection: 201.77721977233887
injection_reconstruction: 3865.3817176818848
proto_pollution_detection: 370.23258209228516
proto_pollution_reconstruction: 0.03981590270996094
