graph: 2857.054942
import: 1398
injection_detection: 257.8866481781006
injection_reconstruction: 216.0940170288086
proto_pollution_detection: 1364.6223545074463
proto_pollution_reconstruction: 0.03504753112792969
