graph: 406.25925
import: 612
injection_detection: 94.53439712524414
injection_reconstruction: 0.02574920654296875
proto_pollution_detection: 975.642204284668
proto_pollution_reconstruction: 3891.9057846069336
