graph: 153.796584
import: 1015
injection_detection: 1722.4617004394531
injection_reconstruction: 0.032901763916015625
proto_pollution_detection: 1661.9303226470947
proto_pollution_reconstruction: 6879.765510559082
