graph: 162.959583
import: 1076
injection_detection: 1727.3216247558594
injection_reconstruction: 0.0209808349609375
proto_pollution_detection: 1639.528751373291
proto_pollution_reconstruction: 6821.328163146973
