graph: 372.369167
import: 728
injection_detection: 1119.9400424957275
injection_reconstruction: 0.018358230590820312
proto_pollution_detection: 997.0493316650391
proto_pollution_reconstruction: 4256.302356719971
