graph: 166.383625
import: 975
injection_detection: 1366.269826889038
injection_reconstruction: 0.06270408630371094
proto_pollution_detection: 1156.947374343872
proto_pollution_reconstruction: 4440.0475025177
