graph: 518.842542
import: 616
injection_detection: 200.0408172607422
injection_reconstruction: 0.025272369384765625
proto_pollution_detection: 1348.8588333129883
proto_pollution_reconstruction: 4166.514158248901
