graph: 486.099334
import: 742
injection_detection: 95.15833854675293
injection_reconstruction: 0.016927719116210938
proto_pollution_detection: 1215.731143951416
proto_pollution_reconstruction: 4070.0621604919434
