graph: 501.161084
import: 619
injection_detection: 131.86407089233398
injection_reconstruction: 0.016689300537109375
proto_pollution_detection: 1379.4023990631104
proto_pollution_reconstruction: 3358.5264682769775
