graph: 583.497917
import: 758
injection_detection: 129.97961044311523
injection_reconstruction: 0.026702880859375
proto_pollution_detection: 918.3049201965332
proto_pollution_reconstruction: 0.021219253540039062
