graph: 134.770333
import: 681
injection_detection: 1211.5285396575928
injection_reconstruction: 0.015735626220703125
proto_pollution_detection: 1275.4836082458496
proto_pollution_reconstruction: 4301.873207092285
