graph: 198.063875
import: 927
injection_detection: 1441.911220550537
injection_reconstruction: 0.024318695068359375
proto_pollution_detection: 1020.4486846923828
proto_pollution_reconstruction: 3974.958896636963
