graph: 507.2025
import: 660
injection_detection: 92.64016151428223
injection_reconstruction: 0.02002716064453125
proto_pollution_detection: 1160.219430923462
proto_pollution_reconstruction: 0.016689300537109375
