graph: 170.36
import: 926
injection_detection: 1733.0152988433838
injection_reconstruction: 0.056743621826171875
proto_pollution_detection: 1398.503303527832
proto_pollution_reconstruction: 3572.1731185913086
