graph: 146.705875
import: 781
injection_detection: 1322.8747844696045
injection_reconstruction: 0.02384185791015625
proto_pollution_detection: 1127.824306488037
proto_pollution_reconstruction: 3241.0030364990234
