graph: 558.530376
import: 660
injection_detection: 104.29573059082031
injection_reconstruction: 0.017642974853515625
proto_pollution_detection: 1062.3750686645508
proto_pollution_reconstruction: 0.019788742065429688
