graph: 3348.007775
import: 2209
injection_detection: 277.0049571990967
injection_reconstruction: 15017.159700393677
proto_pollution_detection: 996.0298538208008
proto_pollution_reconstruction: 0.041961669921875
