graph: 563.390209
import: 672
injection_detection: 131.50596618652344
injection_reconstruction: 4853.557586669922
proto_pollution_detection: 400.1188278198242
proto_pollution_reconstruction: 0.019788742065429688
