graph: 583.986751
import: 793
injection_detection: 163.91348838806152
injection_reconstruction: 5649.012565612793
proto_pollution_detection: 411.65995597839355
proto_pollution_reconstruction: 0.02002716064453125
