graph: 455.617667
import: 750
injection_detection: 123.88753890991211
injection_reconstruction: 5158.136606216431
proto_pollution_detection: 344.6385860443115
proto_pollution_reconstruction: 0.017881393432617188
