graph: 423.165584
import: 690
injection_detection: 92.16642379760742
injection_reconstruction: 5285.924673080444
proto_pollution_detection: 295.3753471374512
proto_pollution_reconstruction: 0.020742416381835938
