graph: 135.142166
import: 806
injection_detection: 1464.7879600524902
injection_reconstruction: 8465.903043746948
proto_pollution_detection: 254.5914649963379
proto_pollution_reconstruction: 0.019073486328125
