graph: 430.413875
import: 663
injection_detection: 95.66354751586914
injection_reconstruction: 5018.45383644104
proto_pollution_detection: 299.7853755950928
proto_pollution_reconstruction: 0.023365020751953125
