graph: 348.963958
import: 592
injection_detection: 81.18748664855957
injection_reconstruction: 4445.293188095093
proto_pollution_detection: 289.69883918762207
proto_pollution_reconstruction: 0.025272369384765625
