graph: 2865.216796
import: 1381
injection_detection: 373.4726905822754
injection_reconstruction: 392.66467094421387
proto_pollution_detection: 1628.1495094299316
proto_pollution_reconstruction: 0.04076957702636719
