graph: 399.528667
import: 727
injection_detection: 236.94109916687012
injection_reconstruction: 2630.573034286499
proto_pollution_detection: 634.2883110046387
proto_pollution_reconstruction: 0.030279159545898438
