graph: 150.134155
import: 1327
injection_detection: 2030.0822257995605
proto_pollution_detection: 816.6823387145996
