graph: 390.052166
import: 618
injection_detection: 187.9251003265381
injection_reconstruction: 2194.528818130493
proto_pollution_detection: 521.5053558349609
proto_pollution_reconstruction: 0.02193450927734375
