graph: 396.039417
import: 718
injection_detection: 140.93589782714844
injection_reconstruction: 1954.3085098266602
proto_pollution_detection: 514.9729251861572
proto_pollution_reconstruction: 0.016450881958007812
