graph: 532.06175
import: 732
injection_detection: 121.94252014160156
injection_reconstruction: 4675.096035003662
proto_pollution_detection: 343.67918968200684
proto_pollution_reconstruction: 0.030279159545898438
