graph: 599.274
import: 730
injection_detection: 112.8530502319336
injection_reconstruction: 4182.790756225586
proto_pollution_detection: 370.50485610961914
proto_pollution_reconstruction: 0.020742416381835938
