graph: 903.941084
import: 811
injection_detection: 379.76837158203125
injection_reconstruction: 4974.811792373657
proto_pollution_detection: 362.65087127685547
proto_pollution_reconstruction: 0.017404556274414062
