graph: 7103.827336
import: 975
injection_detection: 1389.6129131317139
injection_reconstruction: 4622.748851776123
proto_pollution_detection: 170.1812744140625
proto_pollution_reconstruction: 0.02193450927734375
