graph: 230.505084
import: 994
injection_detection: 1317.7151679992676
injection_reconstruction: 3101.750612258911
proto_pollution_detection: 175.09222030639648
proto_pollution_reconstruction: 0.017642974853515625
