graph: 190.15775
import: 697
injection_detection: 1149.9629020690918
injection_reconstruction: 2715.500831604004
proto_pollution_detection: 158.78582000732422
proto_pollution_reconstruction: 0.023603439331054688
