graph: 617.896208
import: 675
injection_detection: 107.70702362060547
injection_reconstruction: 3652.9407501220703
proto_pollution_detection: 333.82391929626465
proto_pollution_reconstruction: 0.01621246337890625
