graph: 7641.624712
import: 947
injection_detection: 1401.8089771270752
injection_reconstruction: 3790.1439666748047
proto_pollution_detection: 146.80814743041992
proto_pollution_reconstruction: 0.021696090698242188
