graph: 783.525417
import: 770
injection_detection: 125.7481575012207
injection_reconstruction: 3331.13694190979
proto_pollution_detection: 393.8484191894531
proto_pollution_reconstruction: 0.03266334533691406
