graph: 750.633542
import: 786
injection_detection: 81.16269111633301
injection_reconstruction: 4188.594579696655
proto_pollution_detection: 360.4252338409424
proto_pollution_reconstruction: 0.019788742065429688
