graph: 690.299834
import: 745
injection_detection: 89.77365493774414
injection_reconstruction: 3945.0175762176514
proto_pollution_detection: 370.03469467163086
proto_pollution_reconstruction: 0.07200241088867188
