graph: 614.506292
import: 729
injection_detection: 86.41409873962402
injection_reconstruction: 3124.089241027832
proto_pollution_detection: 355.9098243713379
proto_pollution_reconstruction: 0.01621246337890625
