graph: 2825.638626
import: 1293
injection_detection: 374.6683597564697
injection_reconstruction: 298.55918884277344
proto_pollution_detection: 1976.2866497039795
proto_pollution_reconstruction: 0.03647804260253906
