graph: 2561.732678
import: 1312
injection_detection: 453.0603885650635
injection_reconstruction: 394.1614627838135
proto_pollution_detection: 2127.5100708007812
proto_pollution_reconstruction: 0.042438507080078125
