graph: 2960.910215
import: 1146
injection_detection: 204.00714874267578
injection_reconstruction: 7667.637825012207
proto_pollution_detection: 538.456916809082
proto_pollution_reconstruction: 0.034809112548828125
