graph: 747.492459
import: 888
injection_detection: 111.04774475097656
injection_reconstruction: 6648.417711257935
proto_pollution_detection: 323.7884044647217
proto_pollution_reconstruction: 0.018835067749023438
