graph: 258.471125
import: 1004
injection_detection: 1296.7932224273682
injection_reconstruction: 6459.977388381958
proto_pollution_detection: 101.05562210083008
proto_pollution_reconstruction: 0.029325485229492188
