graph: 231.847209
import: 847
injection_detection: 1894.441843032837
injection_reconstruction: 6642.9853439331055
proto_pollution_detection: 93.01257133483887
proto_pollution_reconstruction: 0.018596649169921875
