graph: 726.222917
import: 738
injection_detection: 91.68720245361328
injection_reconstruction: 6238.565921783447
proto_pollution_detection: 312.33763694763184
proto_pollution_reconstruction: 0.019550323486328125
