graph: 665.948625
import: 712
injection_detection: 90.59977531433105
injection_reconstruction: 5415.215969085693
proto_pollution_detection: 349.2434024810791
proto_pollution_reconstruction: 0.022172927856445312
