graph: 30444.414555
import: 911
injection_detection: 1591.6242599487305
injection_reconstruction: 7104.530811309814
proto_pollution_detection: 106.54211044311523
proto_pollution_reconstruction: 0.017881393432617188
