graph: 667.253417
import: 698
injection_detection: 113.97719383239746
injection_reconstruction: 5607.735633850098
proto_pollution_detection: 289.9322509765625
proto_pollution_reconstruction: 0.023126602172851562
