graph: 31741.184598
import: 1116
injection_detection: 1359.0466976165771
injection_reconstruction: 7276.487827301025
proto_pollution_detection: 132.82060623168945
proto_pollution_reconstruction: 0.020503997802734375
