graph: 704.192207
import: 879
injection_detection: 101.99403762817383
injection_reconstruction: 5254.966020584106
proto_pollution_detection: 317.1546459197998
proto_pollution_reconstruction: 0.019550323486328125
