graph: 321.5005
import: 722
injection_detection: 202.44765281677246
injection_reconstruction: 1312.197208404541
proto_pollution_detection: 544.8322296142578
proto_pollution_reconstruction: 0.016689300537109375
