graph: 366.036667
import: 612
injection_detection: 188.88187408447266
injection_reconstruction: 1372.2856044769287
proto_pollution_detection: 502.6547908782959
proto_pollution_reconstruction: 0.01811981201171875
