graph: 281.150917
import: 560
injection_detection: 107.42902755737305
injection_reconstruction: 925.5633354187012
proto_pollution_detection: 397.8769779205322
proto_pollution_reconstruction: 0.01811981201171875
