graph: 108.44425
import: 714
injection_detection: 1367.8414821624756
injection_reconstruction: 1627.9022693634033
proto_pollution_detection: 169.50082778930664
proto_pollution_reconstruction: 0.02002716064453125
