graph: 379.541167
import: 698
injection_detection: 214.68591690063477
injection_reconstruction: 1412.5170707702637
proto_pollution_detection: 492.57850646972656
proto_pollution_reconstruction: 0.023603439331054688
