graph: 73.923417
import: 636
injection_detection: 1301.9556999206543
injection_reconstruction: 1374.7055530548096
proto_pollution_detection: 241.90711975097656
proto_pollution_reconstruction: 0.030517578125
