graph: 114.777459
import: 710
injection_detection: 1336.5066051483154
injection_reconstruction: 1603.2249927520752
proto_pollution_detection: 183.86220932006836
proto_pollution_reconstruction: 0.02956390380859375
