graph: 313.924458
import: 647
injection_detection: 185.7740879058838
injection_reconstruction: 1395.3068256378174
proto_pollution_detection: 517.941951751709
proto_pollution_reconstruction: 0.015974044799804688
