graph: 104.774917
import: 853
injection_detection: 1264.986515045166
injection_reconstruction: 1828.125238418579
proto_pollution_detection: 192.31772422790527
proto_pollution_reconstruction: 0.02002716064453125
