graph: 789.708084
import: 995
injection_detection: 88.24968338012695
injection_reconstruction: 0.015497207641601562
proto_pollution_detection: 6370.134115219116
proto_pollution_reconstruction: 5353.514671325684
