graph: 779.799709
import: 956
injection_detection: 79.76078987121582
injection_reconstruction: 0.016450881958007812
proto_pollution_detection: 5791.102647781372
proto_pollution_reconstruction: 4794.897794723511
