graph: 766.752584
import: 845
injection_detection: 78.32455635070801
injection_reconstruction: 0.015974044799804688
proto_pollution_detection: 5771.724700927734
proto_pollution_reconstruction: 4998.353004455566
