graph: 3526.032979
import: 1726
injection_detection: 185.2273941040039
injection_reconstruction: 0.03933906555175781
proto_pollution_detection: 18403.3145904541
proto_pollution_reconstruction: 14939.625978469849
