graph: 379.523084
import: 974
injection_detection: 1296.7820167541504
injection_reconstruction: 0.02956390380859375
proto_pollution_detection: 1907.289981842041
proto_pollution_reconstruction: 9523.772478103638
