graph: 683.993
import: 745
injection_detection: 97.93543815612793
injection_reconstruction: 0.021457672119140625
proto_pollution_detection: 5486.960887908936
proto_pollution_reconstruction: 4618.159055709839
