graph: 326.93
import: 1043
injection_detection: 1200.5174160003662
injection_reconstruction: 0.024557113647460938
proto_pollution_detection: 1944.2310333251953
proto_pollution_reconstruction: 7919.716358184814
