graph: 746.545292
import: 782
injection_detection: 194.26965713500977
injection_reconstruction: 1764.3041610717773
proto_pollution_detection: 450.0460624694824
proto_pollution_reconstruction: 0.022411346435546875
