graph: 729.942083
import: 709
injection_detection: 187.75653839111328
injection_reconstruction: 1958.411693572998
proto_pollution_detection: 434.9665641784668
proto_pollution_reconstruction: 0.01811981201171875
