graph: 608.645084
import: 732
injection_detection: 102.35428810119629
injection_reconstruction: 3816.5817260742188
proto_pollution_detection: 1430.2828311920166
proto_pollution_reconstruction: 235.66102981567383
