graph: 191.730459
import: 966
injection_detection: 1667.3269271850586
injection_reconstruction: 4765.580892562866
proto_pollution_detection: 859.7192764282227
proto_pollution_reconstruction: 369.3861961364746
