graph: 249.035995
import: 1383
injection_detection: 2507.479429244995
proto_pollution_detection: 2074.3439197540283
