graph: 486.077667
import: 665
injection_detection: 88.98496627807617
injection_reconstruction: 2836.496591567993
proto_pollution_detection: 1016.5979862213135
proto_pollution_reconstruction: 2114.70103263855
