graph: 594.591708
import: 650
injection_detection: 125.24652481079102
injection_reconstruction: 4275.271415710449
proto_pollution_detection: 1211.6990089416504
proto_pollution_reconstruction: 2187.030792236328
