graph: 174.536958
import: 789
injection_detection: 1367.2330379486084
injection_reconstruction: 3555.9704303741455
proto_pollution_detection: 650.6693363189697
proto_pollution_reconstruction: 314.6696090698242
