graph: 582.921
import: 732
injection_detection: 96.77648544311523
injection_reconstruction: 3241.580009460449
proto_pollution_detection: 1126.389980316162
proto_pollution_reconstruction: 2253.192901611328
