graph: 406.279083
import: 697
injection_detection: 86.54522895812988
injection_reconstruction: 0.019550323486328125
proto_pollution_detection: 2806.8525791168213
proto_pollution_reconstruction: 3256.591320037842
