graph: 373.864375
import: 613
injection_detection: 89.01667594909668
injection_reconstruction: 0.017642974853515625
proto_pollution_detection: 2284.034013748169
proto_pollution_reconstruction: 3149.8453617095947
