graph: 175.938917
import: 812
injection_detection: 1105.1356792449951
injection_reconstruction: 0.01811981201171875
