graph: 173.794583
import: 830
injection_detection: 1378.7007331848145
injection_reconstruction: 0.032901763916015625
