graph: 449.978625
import: 739
injection_detection: 88.90819549560547
injection_reconstruction: 0.0133514404296875
proto_pollution_detection: 2705.984115600586
proto_pollution_reconstruction: 3223.137378692627
