graph: 499.657542
import: 712
injection_detection: 127.38895416259766
injection_reconstruction: 0.02193450927734375
proto_pollution_detection: 3016.787052154541
proto_pollution_reconstruction: 3490.9462928771973
