graph: 2845.05899
import: 1455
injection_detection: 424.3054389953613
injection_reconstruction: 483.8144779205322
proto_pollution_detection: 1771.610975265503
proto_pollution_reconstruction: 0.04267692565917969
