graph: 124.142033
import: 1259
injection_detection: 1715.881586074829
proto_pollution_detection: 601.546049118042
