graph: 2791.093291
import: 1131
injection_detection: 368.66235733032227
injection_reconstruction: 258.07833671569824
proto_pollution_detection: 1438.7543201446533
proto_pollution_reconstruction: 0.034332275390625
