graph: 130.356834
import: 906
injection_detection: 1469.8185920715332
injection_reconstruction: 0.02384185791015625
proto_pollution_detection: 595.0558185577393
proto_pollution_reconstruction: 0.04863739013671875
