graph: 283.308375
import: 569
injection_detection: 110.31746864318848
injection_reconstruction: 0.019550323486328125
proto_pollution_detection: 458.2076072692871
proto_pollution_reconstruction: 0.019788742065429688
