graph: 410.47525
import: 739
injection_detection: 251.27935409545898
injection_reconstruction: 0.027894973754882812
proto_pollution_detection: 906.3329696655273
proto_pollution_reconstruction: 0.03409385681152344
