graph: 335.883
import: 640
injection_detection: 100.06904602050781
injection_reconstruction: 0.015735626220703125
proto_pollution_detection: 797.9590892791748
proto_pollution_reconstruction: 0.01811981201171875
