graph: 118.412167
import: 884
injection_detection: 1275.8543491363525
injection_reconstruction: 0.017404556274414062
proto_pollution_detection: 503.497838973999
proto_pollution_reconstruction: 0.029325485229492188
