graph: 365.710584
import: 684
injection_detection: 87.7997875213623
injection_reconstruction: 0.01811981201171875
proto_pollution_detection: 1051.2638092041016
proto_pollution_reconstruction: 0.025987625122070312
