graph: 197.791291
import: 943
injection_detection: 1380.9211254119873
injection_reconstruction: 3897.606134414673
proto_pollution_detection: 173.34222793579102
proto_pollution_reconstruction: 0.07939338684082031
