graph: 580.189501
import: 739
injection_detection: 200.05488395690918
injection_reconstruction: 3216.4011001586914
proto_pollution_detection: 426.7876148223877
proto_pollution_reconstruction: 0.019788742065429688
