graph: 618.504208
import: 712
injection_detection: 191.82872772216797
injection_reconstruction: 3296.3438034057617
proto_pollution_detection: 400.1352787017822
proto_pollution_reconstruction: 0.021457672119140625
