graph: 8823.420713
import: 823
injection_detection: 1375.8790493011475
injection_reconstruction: 3977.6906967163086
proto_pollution_detection: 170.41325569152832
proto_pollution_reconstruction: 0.03337860107421875
