graph: 8806.622796
import: 878
injection_detection: 1362.9536628723145
injection_reconstruction: 3956.3021659851074
proto_pollution_detection: 144.0131664276123
proto_pollution_reconstruction: 0.030279159545898438
