graph: 629.976083
import: 712
injection_detection: 207.70764350891113
injection_reconstruction: 3541.004419326782
proto_pollution_detection: 610.5341911315918
proto_pollution_reconstruction: 0.032901763916015625
