graph: 183.703625
import: 838
injection_detection: 1109.5147132873535
injection_reconstruction: 3271.4388370513916
proto_pollution_detection: 108.24298858642578
proto_pollution_reconstruction: 0.020503997802734375
