graph: 577.626417
import: 694
injection_detection: 115.89241027832031
injection_reconstruction: 2709.848642349243
proto_pollution_detection: 370.2707290649414
proto_pollution_reconstruction: 0.019311904907226562
