graph: 200.4215
import: 772
injection_detection: 1108.9255809783936
injection_reconstruction: 3193.498373031616
proto_pollution_detection: 133.2533359527588
proto_pollution_reconstruction: 0.0152587890625
