graph: 635.748458
import: 773
injection_detection: 208.85205268859863
injection_reconstruction: 3354.029417037964
proto_pollution_detection: 467.80991554260254
proto_pollution_reconstruction: 0.03838539123535156
