graph: 373.336416
import: 724
injection_detection: 100.81744194030762
injection_reconstruction: 4905.648469924927
proto_pollution_detection: 303.68709564208984
proto_pollution_reconstruction: 0.016450881958007812
