graph: 205.120127
import: 1374
injection_detection: 2296.1299419403076
proto_pollution_detection: 874.7134208679199
