graph: 445.228042
import: 708
injection_detection: 97.49913215637207
injection_reconstruction: 5627.77042388916
proto_pollution_detection: 305.8178424835205
proto_pollution_reconstruction: 0.019788742065429688
