graph: 492.368001
import: 874
injection_detection: 135.03694534301758
injection_reconstruction: 5722.949028015137
proto_pollution_detection: 319.90551948547363
proto_pollution_reconstruction: 0.019550323486328125
