graph: 384.838334
import: 638
injection_detection: 97.19634056091309
injection_reconstruction: 5347.331523895264
proto_pollution_detection: 310.24909019470215
proto_pollution_reconstruction: 0.022411346435546875
