graph: 142.607801
import: 1275
injection_detection: 2027.7833938598633
proto_pollution_detection: 634.6230506896973
