graph: 221.9305
import: 881
injection_detection: 1128.4210681915283
injection_reconstruction: 3990.3721809387207
proto_pollution_detection: 103.8205623626709
proto_pollution_reconstruction: 0.019073486328125
