graph: 20316.97876
import: 955
injection_detection: 1469.2058563232422
injection_reconstruction: 4544.212102890015
proto_pollution_detection: 169.2028045654297
proto_pollution_reconstruction: 0.02002716064453125
