graph: 967.943
import: 859
injection_detection: 265.87533950805664
injection_reconstruction: 4713.523626327515
proto_pollution_detection: 363.055944442749
proto_pollution_reconstruction: 0.02002716064453125
