graph: 260.864125
import: 1100
injection_detection: 1237.7426624298096
injection_reconstruction: 2865.3218746185303
proto_pollution_detection: 149.21879768371582
proto_pollution_reconstruction: 0.026464462280273438
