graph: 658.998626
import: 697
injection_detection: 112.07270622253418
injection_reconstruction: 9038.512229919434
proto_pollution_detection: 290.3261184692383
proto_pollution_reconstruction: 0.018358230590820312
