graph: 20552.94676
import: 1046
injection_detection: 1927.1965026855469
injection_reconstruction: 4426.7730712890625
proto_pollution_detection: 166.94140434265137
proto_pollution_reconstruction: 0.023126602172851562
