graph: 278.575917
import: 817
injection_detection: 1489.9327754974365
injection_reconstruction: 3410.889148712158
proto_pollution_detection: 142.19141006469727
proto_pollution_reconstruction: 0.0209808349609375
