graph: 725.190417
import: 789
injection_detection: 421.29015922546387
injection_reconstruction: 11228.878259658813
proto_pollution_detection: 307.1591854095459
proto_pollution_reconstruction: 0.019550323486328125
