graph: 699.161751
import: 754
injection_detection: 209.00726318359375
injection_reconstruction: 3164.400100708008
proto_pollution_detection: 378.0839443206787
proto_pollution_reconstruction: 0.0286102294921875
