graph: 681.611834
import: 693
injection_detection: 211.32326126098633
injection_reconstruction: 3110.2938652038574
proto_pollution_detection: 353.7592887878418
proto_pollution_reconstruction: 0.021457672119140625
