graph: 2838.606728
import: 1337
injection_detection: 439.1186237335205
injection_reconstruction: 384.0954303741455
proto_pollution_detection: 2175.5309104919434
proto_pollution_reconstruction: 0.04172325134277344
