graph: 2857.974157
import: 1454
injection_detection: 391.04413986206055
injection_reconstruction: 375.3857612609863
proto_pollution_detection: 2048.0880737304688
proto_pollution_reconstruction: 0.04601478576660156
