graph: 499.837042
import: 716
injection_detection: 119.2929744720459
injection_reconstruction: 0.018596649169921875
proto_pollution_detection: 930.9780597686768
proto_pollution_reconstruction: 4674.152135848999
