graph: 442.187834
import: 859
injection_detection: 103.24239730834961
injection_reconstruction: 0.03147125244140625
proto_pollution_detection: 846.7447757720947
proto_pollution_reconstruction: 4397.7296352386475
