graph: 118.207875
import: 826
injection_detection: 1441.749095916748
injection_reconstruction: 0.023603439331054688
proto_pollution_detection: 891.3934230804443
proto_pollution_reconstruction: 2880.0909519195557
