graph: 149.137666
import: 877
injection_detection: 1474.398136138916
injection_reconstruction: 0.020265579223632812
proto_pollution_detection: 824.8615264892578
proto_pollution_reconstruction: 3025.9056091308594
