graph: 514.924792
import: 697
injection_detection: 123.50964546203613
injection_reconstruction: 0.04649162292480469
proto_pollution_detection: 1208.7929248809814
proto_pollution_reconstruction: 3851.05299949646
