graph: 485.415625
import: 720
injection_detection: 123.03400039672852
injection_reconstruction: 0.02193450927734375
proto_pollution_detection: 599.5299816131592
proto_pollution_reconstruction: 4542.61589050293
