graph: 101.582834
import: 779
injection_detection: 1290.5983924865723
injection_reconstruction: 0.026941299438476562
proto_pollution_detection: 838.5450839996338
proto_pollution_reconstruction: 3356.212854385376
