graph: 126.648708
import: 802
injection_detection: 1355.2939891815186
injection_reconstruction: 0.019788742065429688
proto_pollution_detection: 873.3255863189697
proto_pollution_reconstruction: 2926.1953830718994
