graph: 330.928376
import: 635
injection_detection: 237.14041709899902
injection_reconstruction: 1750.9629726409912
proto_pollution_detection: 526.5135765075684
proto_pollution_reconstruction: 0.026226043701171875
