graph: 143.733166
import: 1380
injection_detection: 2167.8974628448486
proto_pollution_detection: 826.6594409942627
