graph: 280.639
import: 612
injection_detection: 113.08956146240234
injection_reconstruction: 1087.254524230957
proto_pollution_detection: 438.03906440734863
proto_pollution_reconstruction: 0.019073486328125
