graph: 320.992876
import: 693
injection_detection: 204.63204383850098
injection_reconstruction: 1455.7404518127441
proto_pollution_detection: 455.66749572753906
proto_pollution_reconstruction: 0.016450881958007812
