graph: 283.44575
import: 605
injection_detection: 216.35794639587402
injection_reconstruction: 1583.2054615020752
proto_pollution_detection: 537.1615886688232
proto_pollution_reconstruction: 0.017642974853515625
