graph: 143.928285
import: 1462
injection_detection: 2340.7678604125977
proto_pollution_detection: 926.7051219940186
