graph: 2634.233256
import: 1341
injection_detection: 461.0409736633301
injection_reconstruction: 411.4992618560791
proto_pollution_detection: 1955.9497833251953
proto_pollution_reconstruction: 0.041484832763671875
