graph: 2856.016375
import: 1401
injection_detection: 432.99102783203125
injection_reconstruction: 447.08251953125
proto_pollution_detection: 1763.2110118865967
proto_pollution_reconstruction: 0.04482269287109375
