graph: 3162.036662
import: 1488
injection_detection: 456.27760887145996
injection_reconstruction: 7281.848430633545
proto_pollution_detection: 1006.1542987823486
proto_pollution_reconstruction: 0.03266334533691406
