graph: 2832.516168
import: 1043
injection_detection: 451.66707038879395
injection_reconstruction: 363.0099296569824
proto_pollution_detection: 1589.5307064056396
proto_pollution_reconstruction: 0.034332275390625
