graph: 2297.833293
import: 1098
injection_detection: 98.86717796325684
injection_reconstruction: 4797.8081703186035
proto_pollution_detection: 383.7542533874512
proto_pollution_reconstruction: 0.02288818359375
