graph: 997.380375
import: 1173
injection_detection: 1279.6859741210938
injection_reconstruction: 3937.422275543213
proto_pollution_detection: 121.25539779663086
proto_pollution_reconstruction: 0.02765655517578125
