graph: 2234.811834
import: 991
injection_detection: 86.87829971313477
injection_reconstruction: 3608.7234020233154
proto_pollution_detection: 370.85890769958496
proto_pollution_reconstruction: 0.018358230590820312
