graph: 2228.375251
import: 1163
injection_detection: 94.51651573181152
injection_reconstruction: 3952.0928859710693
proto_pollution_detection: 367.25878715515137
proto_pollution_reconstruction: 0.01621246337890625
