graph: 1313.93062
import: 2270
injection_detection: 2463.2163047790527
proto_pollution_detection: 891.3140296936035
