graph: 1207.904958
import: 1207
injection_detection: 1365.5650615692139
injection_reconstruction: 3578.7084102630615
proto_pollution_detection: 179.3229579925537
proto_pollution_reconstruction: 0.019550323486328125
