graph: 904.668125
import: 984
injection_detection: 1116.7023181915283
injection_reconstruction: 3182.4002265930176
proto_pollution_detection: 124.52101707458496
proto_pollution_reconstruction: 0.03361701965332031
