graph: 2177.201793
import: 887
injection_detection: 106.19616508483887
injection_reconstruction: 3508.7928771972656
proto_pollution_detection: 356.7624092102051
proto_pollution_reconstruction: 0.01811981201171875
