graph: 481.099084
import: 649
injection_detection: 92.04459190368652
injection_reconstruction: 0.019550323486328125
proto_pollution_detection: 454.00500297546387
proto_pollution_reconstruction: 0.019073486328125
