graph: 112.392167
import: 700
injection_detection: 1162.6298427581787
injection_reconstruction: 0.0171661376953125
proto_pollution_detection: 559.9298477172852
proto_pollution_reconstruction: 0.07033348083496094
