graph: 497.727625
import: 671
injection_detection: 85.32357215881348
injection_reconstruction: 0.018835067749023438
proto_pollution_detection: 745.80979347229
proto_pollution_reconstruction: 0.02002716064453125
