graph: 3055.474927
import: 1409
injection_detection: 169.5103645324707
injection_reconstruction: 0.030755996704101562
proto_pollution_detection: 1931.1373233795166
proto_pollution_reconstruction: 0.05316734313964844
