graph: 110.403541
import: 771
injection_detection: 1345.132827758789
injection_reconstruction: 0.017642974853515625
proto_pollution_detection: 429.83555793762207
proto_pollution_reconstruction: 0.024080276489257812
