graph: 119.573917
import: 874
injection_detection: 1215.7390117645264
injection_reconstruction: 0.01430511474609375
proto_pollution_detection: 492.0763969421387
proto_pollution_reconstruction: 0.03600120544433594
