graph: 578.381
import: 693
injection_detection: 90.92283248901367
injection_reconstruction: 0.018596649169921875
proto_pollution_detection: 744.8875904083252
proto_pollution_reconstruction: 0.021219253540039062
