graph: 521.351667
import: 641
injection_detection: 110.13150215148926
injection_reconstruction: 0.0247955322265625
proto_pollution_detection: 711.1208438873291
proto_pollution_reconstruction: 0.019073486328125
