graph: 265.440458
import: 774
injection_detection: 1359.6901893615723
injection_reconstruction: 0.02193450927734375
proto_pollution_detection: 459.0914249420166
proto_pollution_reconstruction: 0.018358230590820312
