graph: 329.9275
import: 863
injection_detection: 1378.2365322113037
injection_reconstruction: 0.022172927856445312
proto_pollution_detection: 410.1579189300537
proto_pollution_reconstruction: 0.0209808349609375
