graph: 620.675458
import: 697
injection_detection: 96.80819511413574
injection_reconstruction: 0.016689300537109375
proto_pollution_detection: 879.6977996826172
proto_pollution_reconstruction: 0.02002716064453125
