graph: 595.033626
import: 713
injection_detection: 107.90109634399414
injection_reconstruction: 0.019788742065429688
proto_pollution_detection: 858.8407039642334
proto_pollution_reconstruction: 0.026702880859375
