graph: 3492.529924
import: 1543
injection_detection: 243.90292167663574
injection_reconstruction: 0.03600120544433594
proto_pollution_detection: 2011.9125843048096
proto_pollution_reconstruction: 0.038623809814453125
