graph: 558.795959
import: 665
injection_detection: 97.01704978942871
injection_reconstruction: 0.019311904907226562
proto_pollution_detection: 448.4872817993164
proto_pollution_reconstruction: 0.021219253540039062
