graph: 657.162917
import: 763
injection_detection: 102.72741317749023
injection_reconstruction: 0.0171661376953125
proto_pollution_detection: 837.1708393096924
proto_pollution_reconstruction: 0.022172927856445312
