graph: 681.708411
import: 1878
injection_detection: 2136.546850204468
proto_pollution_detection: 5839.837551116943
