graph: 772.598958
import: 1358
injection_detection: 1529.6812057495117
injection_reconstruction: 4434.467077255249
proto_pollution_detection: 19078.58443260193
proto_pollution_reconstruction: 750.1788139343262
