graph: 2827.650908
import: 1250
injection_detection: 475.9385585784912
injection_reconstruction: 514.2436027526855
proto_pollution_detection: 1938.2600784301758
proto_pollution_reconstruction: 0.05078315734863281
