graph: 143.551416
import: 1036
injection_detection: 2264.2569541931152
proto_pollution_detection: 849.5738506317139
