graph: 2847.082481
import: 1398
injection_detection: 458.49061012268066
injection_reconstruction: 379.40001487731934
proto_pollution_detection: 1944.9975490570068
proto_pollution_reconstruction: 0.054836273193359375
