graph: 443.786042
import: 727
injection_detection: 87.1284008026123
injection_reconstruction: 0.024557113647460938
proto_pollution_detection: 1691.9009685516357
proto_pollution_reconstruction: 5594.126462936401
