graph: 330.267541
import: 641
injection_detection: 120.67890167236328
injection_reconstruction: 0.020265579223632812
proto_pollution_detection: 1302.5825023651123
proto_pollution_reconstruction: 5161.552429199219
