graph: 152.593
import: 936
injection_detection: 1446.6865062713623
injection_reconstruction: 0.03552436828613281
proto_pollution_detection: 1170.5007553100586
proto_pollution_reconstruction: 6992.76876449585
