graph: 156.658375
import: 795
injection_detection: 1390.9385204315186
injection_reconstruction: 0.035762786865234375
proto_pollution_detection: 2654329.0190696716
proto_pollution_reconstruction: 8881.504535675049
