graph: 440.048292
import: 747
injection_detection: 105.25035858154297
injection_reconstruction: 0.015497207641601562
proto_pollution_detection: 1889.0092372894287
proto_pollution_reconstruction: 5768.775224685669
