graph: 379.101459
import: 698
injection_detection: 88.12713623046875
injection_reconstruction: 0.024318695068359375
proto_pollution_detection: 1699.9273300170898
proto_pollution_reconstruction: 5242.780923843384
