graph: 128.828167
import: 710
injection_detection: 1103.4893989562988
injection_reconstruction: 0.033855438232421875
proto_pollution_detection: 1002.7599334716797
proto_pollution_reconstruction: 6255.3040981292725
