graph: 116.034625
import: 869
injection_detection: 1280.2057266235352
injection_reconstruction: 0.0324249267578125
proto_pollution_detection: 889.8756504058838
proto_pollution_reconstruction: 2204.1332721710205
