graph: 279.806292
import: 568
injection_detection: 97.74661064147949
injection_reconstruction: 0.020265579223632812
proto_pollution_detection: 653.8324356079102
proto_pollution_reconstruction: 1466.796875
