graph: 329.034084
import: 714
injection_detection: 401.20983123779297
injection_reconstruction: 0.03504753112792969
proto_pollution_detection: 1715.571403503418
proto_pollution_reconstruction: 1949.6910572052002
