graph: 324.469042
import: 629
injection_detection: 241.9877052307129
injection_reconstruction: 0.017881393432617188
proto_pollution_detection: 1197.481632232666
proto_pollution_reconstruction: 1624.0966320037842
