graph: 2807.462759
import: 1258
injection_detection: 407.8335762023926
injection_reconstruction: 0.03314018249511719
proto_pollution_detection: 2201.824188232422
proto_pollution_reconstruction: 3078.7737369537354
