graph: 82.991625
import: 896
injection_detection: 1386.3215446472168
injection_reconstruction: 0.051021575927734375
proto_pollution_detection: 870.7590103149414
proto_pollution_reconstruction: 2197.3578929901123
