graph: 2576.220751
import: 1064
injection_detection: 106.29940032958984
injection_reconstruction: 4959.275960922241
proto_pollution_detection: 494.14825439453125
proto_pollution_reconstruction: 0.026464462280273438
