graph: 2476.937293
import: 1101
injection_detection: 115.27252197265625
injection_reconstruction: 6066.907167434692
proto_pollution_detection: 417.90175437927246
proto_pollution_reconstruction: 0.1010894775390625
