graph: 1187.378918
import: 1100
injection_detection: 1334.4485759735107
injection_reconstruction: 4330.189943313599
proto_pollution_detection: 167.3734188079834
proto_pollution_reconstruction: 0.03170967102050781
