graph: 2550.656751
import: 1016
injection_detection: 129.69613075256348
injection_reconstruction: 2885.847330093384
proto_pollution_detection: 400.13575553894043
proto_pollution_reconstruction: 0.019073486328125
