graph: 315.99775
import: 639
injection_detection: 197.85642623901367
injection_reconstruction: 2090.402603149414
proto_pollution_detection: 522.9759216308594
proto_pollution_reconstruction: 0.018835067749023438
