graph: 345.272417
import: 644
injection_detection: 197.14665412902832
injection_reconstruction: 2134.5105171203613
proto_pollution_detection: 451.9200325012207
proto_pollution_reconstruction: 0.015974044799804688
