graph: 531.931
import: 771
injection_detection: 117.81501770019531
injection_reconstruction: 0.020503997802734375
proto_pollution_detection: 1237.9631996154785
proto_pollution_reconstruction: 3671.558141708374
