graph: 607.559042
import: 736
injection_detection: 467.23341941833496
injection_reconstruction: 0.3345012664794922
proto_pollution_detection: 2127.1913051605225
proto_pollution_reconstruction: 4144.860506057739
