graph: 585.816042
import: 711
injection_detection: 93.26887130737305
injection_reconstruction: 0.03409385681152344
proto_pollution_detection: 1240.086317062378
proto_pollution_reconstruction: 3801.919937133789
