graph: 492.046
import: 637
injection_detection: 93.99056434631348
injection_reconstruction: 0.02002716064453125
proto_pollution_detection: 908.503532409668
proto_pollution_reconstruction: 3668.6599254608154
