graph: 201.079417
import: 974
injection_detection: 1805.5260181427002
injection_reconstruction: 0.02193450927734375
proto_pollution_detection: 1587.7599716186523
proto_pollution_reconstruction: 4735.196590423584
