graph: 203.180791
import: 871
injection_detection: 1327.6562690734863
injection_reconstruction: 0.024080276489257812
proto_pollution_detection: 1080.1982879638672
proto_pollution_reconstruction: 3680.776834487915
