graph: 3204.407371
import: 1424
injection_detection: 203.71651649475098
injection_reconstruction: 0.038623809814453125
proto_pollution_detection: 3447.0925331115723
proto_pollution_reconstruction: 10485.4896068573
