graph: 301.775583
import: 567
injection_detection: 166.70966148376465
injection_reconstruction: 0.017881393432617188
proto_pollution_detection: 2414.1476154327393
proto_pollution_reconstruction: 3900.3734588623047
