graph: 346.79325
import: 781
injection_detection: 203.14264297485352
injection_reconstruction: 0.025033950805664062
proto_pollution_detection: 2401.068687438965
proto_pollution_reconstruction: 3936.1443519592285
