graph: 352.964834
import: 674
injection_detection: 168.2271957397461
injection_reconstruction: 0.017881393432617188
proto_pollution_detection: 2505.63645362854
proto_pollution_reconstruction: 3965.6760692596436
