graph: 109.833167
import: 858
injection_detection: 1307.5337409973145
injection_reconstruction: 0.02002716064453125
proto_pollution_detection: 880.7604312896729
proto_pollution_reconstruction: 3893.7783241271973
