graph: 148.108083
import: 867
injection_detection: 1535.7551574707031
injection_reconstruction: 0.039577484130859375
proto_pollution_detection: 1004.1794776916504
proto_pollution_reconstruction: 4184.591293334961
