graph: 286.65825
import: 569
injection_detection: 103.30367088317871
injection_reconstruction: 0.019311904907226562
proto_pollution_detection: 2046.3123321533203
proto_pollution_reconstruction: 3765.7699584960938
