graph: 80.481917
import: 640
injection_detection: 1144.2413330078125
injection_reconstruction: 1372.4253177642822
proto_pollution_detection: 143.82362365722656
proto_pollution_reconstruction: 0.034332275390625
