graph: 282.589792
import: 593
injection_detection: 192.5966739654541
injection_reconstruction: 1287.1136665344238
proto_pollution_detection: 487.11466789245605
proto_pollution_reconstruction: 0.024318695068359375
