graph: 264.798417
import: 571
injection_detection: 113.81340026855469
injection_reconstruction: 968.2807922363281
proto_pollution_detection: 395.11728286743164
proto_pollution_reconstruction: 0.015735626220703125
