graph: 314.388375
import: 569
injection_detection: 177.94084548950195
injection_reconstruction: 1307.3740005493164
proto_pollution_detection: 592.4510955810547
proto_pollution_reconstruction: 0.024080276489257812
