graph: 70.781542
import: 583
injection_detection: 1096.9140529632568
injection_reconstruction: 1364.4132614135742
proto_pollution_detection: 136.14368438720703
proto_pollution_reconstruction: 0.017881393432617188
