graph: 306.091792
import: 600
injection_detection: 189.12863731384277
injection_reconstruction: 1313.5721683502197
proto_pollution_detection: 499.0828037261963
proto_pollution_reconstruction: 0.016689300537109375
