graph: 92.534208
import: 769
injection_detection: 1345.7653522491455
injection_reconstruction: 1623.3205795288086
proto_pollution_detection: 165.1310920715332
proto_pollution_reconstruction: 0.027418136596679688
