graph: 111.086917
import: 849
injection_detection: 1492.0620918273926
injection_reconstruction: 1701.901912689209
proto_pollution_detection: 164.2129421234131
proto_pollution_reconstruction: 0.025510787963867188
