graph: 85.066792
import: 1018
injection_detection: 1366.9686317443848
injection_reconstruction: 1564.852237701416
proto_pollution_detection: 193.96352767944336
proto_pollution_reconstruction: 0.030755996704101562
