graph: 275.393125
import: 592
injection_detection: 252.78043746948242
injection_reconstruction: 1856.9622039794922
proto_pollution_detection: 621.4213371276855
proto_pollution_reconstruction: 0.017881393432617188
