graph: 91.016345
import: 1392
injection_detection: 2188.3630752563477
proto_pollution_detection: 732.7420711517334
