graph: 2821.202111
import: 1217
injection_detection: 442.83533096313477
injection_reconstruction: 508.0528259277344
proto_pollution_detection: 1934.5521926879883
proto_pollution_reconstruction: 0.041961669921875
