graph: 358.491416
import: 647
injection_detection: 192.55828857421875
injection_reconstruction: 5125.783920288086
proto_pollution_detection: 312.4542236328125
proto_pollution_reconstruction: 0.0209808349609375
