graph: 96.609083
import: 689
injection_detection: 1100.9314060211182
injection_reconstruction: 2696.8839168548584
proto_pollution_detection: 91.03107452392578
proto_pollution_reconstruction: 0.01621246337890625
