graph: 93.489708
import: 832
injection_detection: 1181.0212135314941
injection_reconstruction: 3795.943021774292
proto_pollution_detection: 84.73753929138184
proto_pollution_reconstruction: 0.015974044799804688
