graph: 318.487292
import: 780
injection_detection: 1498.408555984497
injection_reconstruction: 5231.757164001465
proto_pollution_detection: 113.08026313781738
proto_pollution_reconstruction: 0.022649765014648438
