graph: 336.267291
import: 834
injection_detection: 1392.8072452545166
injection_reconstruction: 4913.233280181885
proto_pollution_detection: 93.44863891601562
proto_pollution_reconstruction: 0.02288818359375
