graph: 381.215541
import: 636
injection_detection: 217.93460845947266
injection_reconstruction: 5257.53116607666
proto_pollution_detection: 538.726806640625
proto_pollution_reconstruction: 0.04410743713378906
