graph: 100.955625
import: 750
injection_detection: 1452.43239402771
injection_reconstruction: 4212.638378143311
proto_pollution_detection: 109.93742942810059
proto_pollution_reconstruction: 0.021696090698242188
