graph: 392.706625
import: 707
injection_detection: 211.24839782714844
injection_reconstruction: 4140.628099441528
proto_pollution_detection: 287.9610061645508
proto_pollution_reconstruction: 0.016927719116210938
