graph: 311.790042
import: 582
injection_detection: 114.93158340454102
injection_reconstruction: 4601.222276687622
proto_pollution_detection: 306.98156356811523
proto_pollution_reconstruction: 0.01621246337890625
