graph: 397.110292
import: 896
injection_detection: 239.83144760131836
injection_reconstruction: 4550.222635269165
proto_pollution_detection: 398.547887802124
proto_pollution_reconstruction: 0.022172927856445312
