graph: 277.717333
import: 581
injection_detection: 185.6362819671631
injection_reconstruction: 3948.2200145721436
proto_pollution_detection: 413.4194850921631
proto_pollution_reconstruction: 0.0247955322265625
