graph: 137.169913
import: 1116
injection_detection: 2199.2876529693604
proto_pollution_detection: 720.6206321716309
