graph: 2813.999362
import: 1160
injection_detection: 335.88528633117676
injection_reconstruction: 370.9397315979004
proto_pollution_detection: 1684.800386428833
proto_pollution_reconstruction: 0.036716461181640625
