graph: 723.817209
import: 949
injection_detection: 122.76673316955566
injection_reconstruction: 6325.852870941162
proto_pollution_detection: 322.0076560974121
proto_pollution_reconstruction: 0.025033950805664062
