graph: 680.236084
import: 655
injection_detection: 105.0865650177002
injection_reconstruction: 5732.781410217285
proto_pollution_detection: 300.919771194458
proto_pollution_reconstruction: 0.02193450927734375
