graph: 695.767625
import: 890
injection_detection: 139.71710205078125
injection_reconstruction: 6780.6220054626465
proto_pollution_detection: 361.0260486602783
proto_pollution_reconstruction: 0.017881393432617188
