graph: 777.279417
import: 1045
injection_detection: 109.01141166687012
injection_reconstruction: 6302.306652069092
proto_pollution_detection: 297.7752685546875
proto_pollution_reconstruction: 0.01811981201171875
