graph: 213.523667
import: 863
injection_detection: 1251.7979145050049
injection_reconstruction: 5796.438455581665
proto_pollution_detection: 104.5064926147461
proto_pollution_reconstruction: 0.015974044799804688
