graph: 2903.48689
import: 1294
injection_detection: 137.97736167907715
injection_reconstruction: 0.031948089599609375
proto_pollution_detection: 1982.6173782348633
proto_pollution_reconstruction: 12644.93203163147
