graph: 142.337167
import: 854
injection_detection: 1349.8117923736572
injection_reconstruction: 0.03337860107421875
proto_pollution_detection: 1647.6633548736572
proto_pollution_reconstruction: 5195.295810699463
