graph: 405.243625
import: 768
injection_detection: 105.79919815063477
injection_reconstruction: 0.015735626220703125
proto_pollution_detection: 1045.18723487854
proto_pollution_reconstruction: 4498.064756393433
