graph: 155.607542
import: 904
injection_detection: 1505.5162906646729
injection_reconstruction: 0.031232833862304688
proto_pollution_detection: 1823.9147663116455
