graph: 128.950917
import: 761
injection_detection: 1311.988115310669
injection_reconstruction: 0.021696090698242188
proto_pollution_detection: 1727.0324230194092
proto_pollution_reconstruction: 6965.059995651245
