graph: 410.504167
import: 647
injection_detection: 83.0848217010498
injection_reconstruction: 0.019311904907226562
proto_pollution_detection: 984.0872287750244
proto_pollution_reconstruction: 5191.260814666748
