graph: 396.542459
import: 719
injection_detection: 120.78189849853516
injection_reconstruction: 0.023365020751953125
proto_pollution_detection: 819.4212913513184
proto_pollution_reconstruction: 5016.5746212005615
