graph: 126.562667
import: 808
injection_detection: 1285.9888076782227
injection_reconstruction: 0.020265579223632812
proto_pollution_detection: 1729.691505432129
proto_pollution_reconstruction: 8076.651334762573
