graph: 401.022625
import: 743
injection_detection: 105.73863983154297
injection_reconstruction: 0.023603439331054688
proto_pollution_detection: 1312.8678798675537
proto_pollution_reconstruction: 5118.013143539429
