graph: 513.847751
import: 701
injection_detection: 89.10512924194336
injection_reconstruction: 0.019550323486328125
proto_pollution_detection: 964.1706943511963
proto_pollution_reconstruction: 2017.1995162963867
