graph: 149.329583
import: 833
injection_detection: 1496.495008468628
injection_reconstruction: 0.020503997802734375
proto_pollution_detection: 1221.4488983154297
proto_pollution_reconstruction: 4825.076580047607
