graph: 478.892834
import: 724
injection_detection: 84.93995666503906
injection_reconstruction: 0.0209808349609375
proto_pollution_detection: 1196.6474056243896
proto_pollution_reconstruction: 2292.9792404174805
