graph: 183.581167
import: 797
injection_detection: 1499.4816780090332
injection_reconstruction: 0.05936622619628906
proto_pollution_detection: 1153.8615226745605
proto_pollution_reconstruction: 2876.4195442199707
