graph: 479.266667
import: 804
injection_detection: 96.7111587524414
injection_reconstruction: 0.021457672119140625
proto_pollution_detection: 1159.7034931182861
proto_pollution_reconstruction: 2427.3459911346436
