graph: 157.637875
import: 911
injection_detection: 1332.1373462677002
injection_reconstruction: 0.025033950805664062
proto_pollution_detection: 1082.277774810791
proto_pollution_reconstruction: 5239.619970321655
