graph: 176.079625
import: 837
injection_detection: 1256.8233013153076
injection_reconstruction: 0.05435943603515625
proto_pollution_detection: 1141.0105228424072
proto_pollution_reconstruction: 7236.61994934082
