graph: 461.0245
import: 757
injection_detection: 106.13346099853516
injection_reconstruction: 0.018358230590820312
proto_pollution_detection: 898.9701271057129
proto_pollution_reconstruction: 2264.0650272369385
