graph: 182.570541
import: 889
injection_detection: 1664.879560470581
injection_reconstruction: 0.027179718017578125
proto_pollution_detection: 1151.3705253601074
proto_pollution_reconstruction: 5097.956657409668
