graph: 277.884333
import: 587
injection_detection: 123.71683120727539
injection_reconstruction: 1372.7202415466309
proto_pollution_detection: 445.814847946167
proto_pollution_reconstruction: 0.021219253540039062
