graph: 357.822666
import: 701
injection_detection: 190.7789707183838
injection_reconstruction: 1545.5925464630127
proto_pollution_detection: 483.0777645111084
proto_pollution_reconstruction: 0.017881393432617188
