graph: 278.393
import: 652
injection_detection: 206.0086727142334
injection_reconstruction: 1600.1837253570557
proto_pollution_detection: 471.41027450561523
proto_pollution_reconstruction: 0.026702880859375
