graph: 3336.939628
import: 1963
injection_detection: 302.03723907470703
injection_reconstruction: 0.05054473876953125
proto_pollution_detection: 3915.8718585968018
proto_pollution_reconstruction: 5716.609477996826
