graph: 205.037458
import: 773
injection_detection: 1068.831443786621
injection_reconstruction: 0.021457672119140625
proto_pollution_detection: 1329.4405937194824
proto_pollution_reconstruction: 3292.2441959381104
