graph: 647.014875
import: 813
injection_detection: 92.16046333312988
injection_reconstruction: 0.020265579223632812
proto_pollution_detection: 1618.6280250549316
proto_pollution_reconstruction: 2597.8732109069824
