graph: 623.624
import: 676
injection_detection: 127.4113655090332
injection_reconstruction: 0.01621246337890625
proto_pollution_detection: 1194.9865818023682
proto_pollution_reconstruction: 2063.0149841308594
