graph: 219.797459
import: 1178
injection_detection: 1177.4406433105469
injection_reconstruction: 0.017404556274414062
proto_pollution_detection: 1414.1559600830078
proto_pollution_reconstruction: 3985.1105213165283
