graph: 672.564667
import: 811
injection_detection: 89.82348442077637
injection_reconstruction: 0.017642974853515625
proto_pollution_detection: 1585.9286785125732
proto_pollution_reconstruction: 2248.582601547241
