graph: 668.180959
import: 889
injection_detection: 100.69608688354492
injection_reconstruction: 0.016927719116210938
proto_pollution_detection: 1529.3831825256348
proto_pollution_reconstruction: 2190.4449462890625
