graph: 275.486375
import: 1006
injection_detection: 1377.4540424346924
injection_reconstruction: 0.03981590270996094
proto_pollution_detection: 1605.8604717254639
proto_pollution_reconstruction: 3957.120895385742
