graph: 3539.894399
import: 2116
injection_detection: 298.8419532775879
injection_reconstruction: 16175.896644592285
proto_pollution_detection: 1069.0710544586182
proto_pollution_reconstruction: 0.03910064697265625
