graph: 728.255542
import: 845
injection_detection: 103.91926765441895
injection_reconstruction: 0.020265579223632812
proto_pollution_detection: 1285.6884002685547
proto_pollution_reconstruction: 1871.9215393066406
