graph: 254.712083
import: 731
injection_detection: 1177.4532794952393
injection_reconstruction: 0.026941299438476562
proto_pollution_detection: 1019.6995735168457
proto_pollution_reconstruction: 4575.243949890137
