graph: 848.008418
import: 1020
injection_detection: 124.50098991394043
injection_reconstruction: 0.015497207641601562
proto_pollution_detection: 2845.283269882202
proto_pollution_reconstruction: 3005.7427883148193
