graph: 221.745625
import: 694
injection_detection: 1072.2157955169678
injection_reconstruction: 0.0171661376953125
proto_pollution_detection: 1004.9433708190918
proto_pollution_reconstruction: 4393.364906311035
