graph: 305.055709
import: 996
injection_detection: 1334.51509475708
injection_reconstruction: 0.02574920654296875
proto_pollution_detection: 1227.2334098815918
proto_pollution_reconstruction: 5854.302167892456
