graph: 291.554082
import: 1880
injection_detection: 2212.2533321380615
proto_pollution_detection: 1845.2301025390625
