graph: 645.868917
import: 673
injection_detection: 121.1555004119873
injection_reconstruction: 0.017642974853515625
proto_pollution_detection: 984.3347072601318
proto_pollution_reconstruction: 1763.4892463684082
