graph: 664.179
import: 681
injection_detection: 97.94306755065918
injection_reconstruction: 0.014543533325195312
proto_pollution_detection: 1315.5641555786133
proto_pollution_reconstruction: 1865.6394481658936
