graph: 3872.205555
import: 2160
injection_detection: 434.985876083374
injection_reconstruction: 7188.551902770996
proto_pollution_detection: 786.062479019165
proto_pollution_reconstruction: 0.05650520324707031
