graph: 3077.414279
import: 1223
injection_detection: 511.5363597869873
injection_reconstruction: 7974.678993225098
proto_pollution_detection: 563.133955001831
proto_pollution_reconstruction: 0.030279159545898438
