graph: 119.298625
import: 675
injection_detection: 1331.3932418823242
injection_reconstruction: 2011.239767074585
proto_pollution_detection: 146.52752876281738
proto_pollution_reconstruction: 0.019550323486328125
