graph: 1857.436668
import: 772
injection_detection: 1374.311923980713
injection_reconstruction: 2318.6049461364746
proto_pollution_detection: 164.47067260742188
proto_pollution_reconstruction: 0.028848648071289062
