graph: 441.570834
import: 689
injection_detection: 84.32793617248535
injection_reconstruction: 1762.1047496795654
proto_pollution_detection: 507.05862045288086
proto_pollution_reconstruction: 0.015497207641601562
