graph: 433.663917
import: 696
injection_detection: 95.85952758789062
injection_reconstruction: 1683.2942962646484
proto_pollution_detection: 523.369312286377
proto_pollution_reconstruction: 0.032901763916015625
