graph: 338.47825
import: 624
injection_detection: 82.8850269317627
injection_reconstruction: 1230.3354740142822
proto_pollution_detection: 411.40198707580566
proto_pollution_reconstruction: 0.023603439331054688
