graph: 435.634667
import: 710
injection_detection: 91.77947044372559
injection_reconstruction: 1616.4202690124512
proto_pollution_detection: 534.0869426727295
proto_pollution_reconstruction: 0.026941299438476562
