graph: 1703.478042
import: 777
injection_detection: 1448.5340118408203
injection_reconstruction: 2401.639461517334
proto_pollution_detection: 172.15585708618164
proto_pollution_reconstruction: 0.03147125244140625
