graph: 390.146917
import: 691
injection_detection: 92.43035316467285
injection_reconstruction: 1532.5839519500732
proto_pollution_detection: 468.5678482055664
proto_pollution_reconstruction: 0.015974044799804688
