graph: 2989.443196
import: 1392
injection_detection: 201.35855674743652
injection_reconstruction: 2590.6693935394287
proto_pollution_detection: 691.8661594390869
proto_pollution_reconstruction: 0.03147125244140625
