graph: 298.286292
import: 1252
injection_detection: 2118.422746658325
injection_reconstruction: 2771.277666091919
proto_pollution_detection: 180.52077293395996
proto_pollution_reconstruction: 0.019788742065429688
