graph: 3154.914669
import: 2215
injection_detection: 511.71398162841797
injection_reconstruction: 313.94195556640625
proto_pollution_detection: 1384.54270362854
proto_pollution_reconstruction: 0.027418136596679688
