graph: 565.576667
import: 759
injection_detection: 190.8426284790039
injection_reconstruction: 3137.4499797821045
proto_pollution_detection: 371.10447883605957
proto_pollution_reconstruction: 0.020265579223632812
