graph: 200.156416
import: 882
injection_detection: 1592.8242206573486
injection_reconstruction: 2975.416421890259
proto_pollution_detection: 137.97950744628906
proto_pollution_reconstruction: 0.024318695068359375
