graph: 299.118292
import: 1003
injection_detection: 1446.0899829864502
injection_reconstruction: 4065.8154487609863
proto_pollution_detection: 159.86037254333496
proto_pollution_reconstruction: 0.05221366882324219
