graph: 554.356042
import: 732
injection_detection: 197.7536678314209
injection_reconstruction: 4334.625482559204
proto_pollution_detection: 365.88358879089355
proto_pollution_reconstruction: 0.019073486328125
