graph: 524.658667
import: 729
injection_detection: 193.73202323913574
injection_reconstruction: 3065.7763481140137
proto_pollution_detection: 381.366491317749
proto_pollution_reconstruction: 0.018358230590820312
