graph: 209.605084
import: 757
injection_detection: 1106.9669723510742
injection_reconstruction: 2774.441719055176
proto_pollution_detection: 126.91617012023926
proto_pollution_reconstruction: 0.01621246337890625
