graph: 484.622125
import: 728
injection_detection: 106.48608207702637
injection_reconstruction: 3691.4708614349365
proto_pollution_detection: 347.9154109954834
proto_pollution_reconstruction: 0.019311904907226562
