graph: 3420.218522
import: 1954
injection_detection: 497.74837493896484
injection_reconstruction: 12389.445543289185
proto_pollution_detection: 501.23119354248047
proto_pollution_reconstruction: 0.030755996704101562
