graph: 510.784375
import: 710
injection_detection: 199.84865188598633
injection_reconstruction: 3965.876340866089
proto_pollution_detection: 371.7005252838135
proto_pollution_reconstruction: 0.023126602172851562
