graph: 267.638959
import: 868
injection_detection: 1385.4825496673584
injection_reconstruction: 3418.476343154907
proto_pollution_detection: 190.83881378173828
proto_pollution_reconstruction: 0.021696090698242188
