graph: 47619.306731
import: 1685
injection_detection: 1166.243314743042
injection_reconstruction: 49038.68293762207

Timed out
