graph: 50702.277273
import: 1842
injection_detection: 1306.1096668243408
injection_reconstruction: 50130.44214248657

Timed out
