graph: 61847.681986
import: 1881
injection_detection: 1612.6530170440674
injection_reconstruction: 61164.31903839111

Timed out
