graph: 442.576208
import: 678
injection_detection: 188.2326602935791
injection_reconstruction: 1377.3343563079834
proto_pollution_detection: 518.0313587188721
proto_pollution_reconstruction: 0.020503997802734375
