graph: 392.055208
import: 623
injection_detection: 184.19408798217773
injection_reconstruction: 1321.8135833740234
proto_pollution_detection: 547.539472579956
proto_pollution_reconstruction: 0.024080276489257812
