graph: 354.23125
import: 543
injection_detection: 103.70707511901855
injection_reconstruction: 940.1681423187256
proto_pollution_detection: 418.5929298400879
proto_pollution_reconstruction: 0.015974044799804688
