graph: 366.406292
import: 611
injection_detection: 189.89324569702148
injection_reconstruction: 1257.4710845947266
proto_pollution_detection: 509.3564987182617
proto_pollution_reconstruction: 0.018835067749023438
