graph: 96.059291
import: 670
injection_detection: 1389.603614807129
injection_reconstruction: 1531.797170639038
proto_pollution_detection: 162.41836547851562
proto_pollution_reconstruction: 0.02765655517578125
