graph: 63.542667
import: 597
injection_detection: 1146.242380142212
injection_reconstruction: 1332.4577808380127
proto_pollution_detection: 155.95412254333496
proto_pollution_reconstruction: 0.02193450927734375
