graph: 109.415875
import: 820
injection_detection: 1456.8557739257812
injection_reconstruction: 1575.0207901000977
proto_pollution_detection: 173.80714416503906
proto_pollution_reconstruction: 0.02574920654296875
