graph: 99.035166
import: 709
injection_detection: 1374.2990493774414
injection_reconstruction: 1573.9850997924805
proto_pollution_detection: 186.37919425964355
proto_pollution_reconstruction: 0.019550323486328125
