graph: 458.063833
import: 638
injection_detection: 185.3470802307129
injection_reconstruction: 1297.5616455078125
proto_pollution_detection: 495.3029155731201
proto_pollution_reconstruction: 0.04291534423828125
