graph: 810.959167
import: 1151
injection_detection: 1857.6245307922363
injection_reconstruction: 0.0782012939453125
proto_pollution_detection: 508.99791717529297
proto_pollution_reconstruction: 0.020265579223632812
