graph: 5002.572834
import: 2759
injection_detection: 152.74405479431152
injection_reconstruction: 0.03528594970703125
proto_pollution_detection: 1755.9254169464111
proto_pollution_reconstruction: 0.0438690185546875
