graph: 1822.971792
import: 890
injection_detection: 82.14879035949707
injection_reconstruction: 0.014543533325195312
proto_pollution_detection: 709.906816482544
proto_pollution_reconstruction: 0.019073486328125
