graph: 1813.877668
import: 910
injection_detection: 79.06126976013184
injection_reconstruction: 0.01811981201171875
proto_pollution_detection: 720.0603485107422
proto_pollution_reconstruction: 0.019788742065429688
