graph: 1016.731125
import: 1264
injection_detection: 1489.8483753204346
injection_reconstruction: 0.023126602172851562
proto_pollution_detection: 485.5062961578369
proto_pollution_reconstruction: 0.025272369384765625
