graph: 997.169043
import: 1181
injection_detection: 1402.2815227508545
injection_reconstruction: 0.019073486328125
proto_pollution_detection: 490.0095462799072
proto_pollution_reconstruction: 0.021696090698242188
