graph: 1003.073417
import: 1149
injection_detection: 1377.3398399353027
injection_reconstruction: 0.0209808349609375
proto_pollution_detection: 485.7945442199707
proto_pollution_reconstruction: 0.022649765014648438
