graph: 2328.697834
import: 1119
injection_detection: 125.73051452636719
injection_reconstruction: 0.019073486328125
proto_pollution_detection: 633.7518692016602
proto_pollution_reconstruction: 0.025510787963867188
