graph: 1035.928375
import: 1222
injection_detection: 1292.755126953125
injection_reconstruction: 0.019311904907226562
proto_pollution_detection: 1958.1143856048584
proto_pollution_reconstruction: 3420.6974506378174
