graph: 2192.30721
import: 966
injection_detection: 88.17410469055176
injection_reconstruction: 0.02574920654296875
proto_pollution_detection: 1487.0030879974365
proto_pollution_reconstruction: 2781.043529510498
