graph: 1259.249334
import: 1325
injection_detection: 2170.4845428466797
injection_reconstruction: 0.0438690185546875
proto_pollution_detection: 1925.1439571380615
proto_pollution_reconstruction: 3729.471445083618
