graph: 2708.174001
import: 974
injection_detection: 97.08142280578613
injection_reconstruction: 0.018358230590820312
proto_pollution_detection: 1594.0587520599365
proto_pollution_reconstruction: 3472.938060760498
