graph: 2654.192542
import: 1128
injection_detection: 118.23081970214844
injection_reconstruction: 0.025987625122070312
proto_pollution_detection: 1313.8213157653809
proto_pollution_reconstruction: 6303.1158447265625
