graph: 2151.451168
import: 887
injection_detection: 82.57174491882324
injection_reconstruction: 0.024080276489257812
proto_pollution_detection: 1572.765827178955
proto_pollution_reconstruction: 5685.204267501831
