graph: 1295.306125
import: 1131
injection_detection: 1753.6702156066895
injection_reconstruction: 0.04410743713378906
proto_pollution_detection: 1477.1728515625
proto_pollution_reconstruction: 3393.6374187469482
