graph: 1176.580917
import: 1136
injection_detection: 1451.7502784729004
injection_reconstruction: 0.035762786865234375
proto_pollution_detection: 1984.9605560302734
proto_pollution_reconstruction: 3041.5704250335693
