graph: 334.2775
import: 684
injection_detection: 198.67181777954102
injection_reconstruction: 5339.906454086304
proto_pollution_detection: 407.76562690734863
proto_pollution_reconstruction: 0.026464462280273438
