graph: 2860.240866
import: 1091
injection_detection: 426.77998542785645
injection_reconstruction: 462.3682498931885
proto_pollution_detection: 1827.556848526001
proto_pollution_reconstruction: 0.050067901611328125
