graph: 399.438084
import: 665
injection_detection: 105.11326789855957
injection_reconstruction: 0.026702880859375
proto_pollution_detection: 489.609956741333
proto_pollution_reconstruction: 0.0171661376953125
