graph: 122.152744
import: 1045
injection_detection: 1887.0022296905518
proto_pollution_detection: 690.2108192443848
