graph: 473.267042
import: 733
injection_detection: 179.2604923248291
injection_reconstruction: 0.017404556274414062
proto_pollution_detection: 947.991132736206
proto_pollution_reconstruction: 0.0457763671875
