graph: 118.13075
import: 797
injection_detection: 1425.6489276885986
injection_reconstruction: 0.026941299438476562
proto_pollution_detection: 540.9157276153564
proto_pollution_reconstruction: 0.029325485229492188
