graph: 3152.141927
import: 1207
injection_detection: 323.3816623687744
injection_reconstruction: 0.04172325134277344
proto_pollution_detection: 1732.6903343200684
proto_pollution_reconstruction: 0.03600120544433594
