graph: 555.36925
import: 747
injection_detection: 196.3961124420166
injection_reconstruction: 0.016689300537109375
proto_pollution_detection: 949.5644569396973
proto_pollution_reconstruction: 0.018835067749023438
