graph: 109.271375
import: 691
injection_detection: 1218.923807144165
injection_reconstruction: 0.019788742065429688
proto_pollution_detection: 407.8717231750488
proto_pollution_reconstruction: 0.021457672119140625
