graph: 245.588625
import: 727
injection_detection: 1194.3209171295166
injection_reconstruction: 0.04744529724121094
proto_pollution_detection: 1360.1088523864746
proto_pollution_reconstruction: 3108.8814735412598
