graph: 3415.826428
import: 2300
injection_detection: 286.25988960266113
injection_reconstruction: 0.041484832763671875
proto_pollution_detection: 2474.558115005493
proto_pollution_reconstruction: 10468.018293380737
