graph: 590.283167
import: 812
injection_detection: 73.26078414916992
injection_reconstruction: 0.017404556274414062
proto_pollution_detection: 951.5092372894287
proto_pollution_reconstruction: 4003.962516784668
