graph: 559.754959
import: 702
injection_detection: 73.49038124084473
injection_reconstruction: 0.015735626220703125
proto_pollution_detection: 966.9556617736816
proto_pollution_reconstruction: 3550.9262084960938
