graph: 407.035612
import: 1801
injection_detection: 2341.4483070373535
proto_pollution_detection: 2614.795207977295
