graph: 560.591042
import: 663
injection_detection: 101.08661651611328
injection_reconstruction: 0.017642974853515625
proto_pollution_detection: 637.7136707305908
proto_pollution_reconstruction: 3806.245803833008
