graph: 607.622708
import: 849
injection_detection: 76.88403129577637
injection_reconstruction: 0.0152587890625
proto_pollution_detection: 1121.755599975586
proto_pollution_reconstruction: 3860.166549682617
