graph: 1058.198167
import: 742
injection_detection: 132.60483741760254
injection_reconstruction: 5572.492599487305
proto_pollution_detection: 291.8670177459717
proto_pollution_reconstruction: 0.019073486328125
