graph: 1132.234792
import: 879
injection_detection: 103.27482223510742
injection_reconstruction: 6560.160398483276
proto_pollution_detection: 350.41046142578125
proto_pollution_reconstruction: 0.016927719116210938
