graph: 1147.438084
import: 916
injection_detection: 121.05298042297363
injection_reconstruction: 5700.016021728516
proto_pollution_detection: 409.945011138916
proto_pollution_reconstruction: 0.026226043701171875
