graph: 423.297333
import: 967
injection_detection: 1220.930576324463
injection_reconstruction: 3896.04115486145
proto_pollution_detection: 145.59006690979004
proto_pollution_reconstruction: 0.031948089599609375
