graph: 1157.9405
import: 972
injection_detection: 102.5693416595459
injection_reconstruction: 5548.15936088562
proto_pollution_detection: 316.5466785430908
proto_pollution_reconstruction: 0.021696090698242188
