graph: 107060.752257
import: 962
injection_detection: 1426.2011051177979
injection_reconstruction: 7112.603664398193
proto_pollution_detection: 130.59544563293457
proto_pollution_reconstruction: 0.022411346435546875
