graph: 1128.027541
import: 821
injection_detection: 82.70716667175293
injection_reconstruction: 6136.403322219849
proto_pollution_detection: 329.73480224609375
proto_pollution_reconstruction: 0.017404556274414062
