graph: 97421.298962
import: 1094
injection_detection: 1368.856430053711
injection_reconstruction: 6852.784872055054
proto_pollution_detection: 100.90827941894531
proto_pollution_reconstruction: 0.030279159545898438
