graph: 391.199459
import: 843
injection_detection: 1147.557258605957
injection_reconstruction: 3686.2316131591797
proto_pollution_detection: 135.331392288208
proto_pollution_reconstruction: 0.028848648071289062
