graph: 407.157709
import: 1048
injection_detection: 1480.804681777954
injection_reconstruction: 0.022411346435546875
proto_pollution_detection: 613.0890846252441
proto_pollution_reconstruction: 0.025272369384765625
