graph: 907.592875
import: 860
injection_detection: 137.8483772277832
injection_reconstruction: 0.14734268188476562
proto_pollution_detection: 625.5950927734375
proto_pollution_reconstruction: 0.02193450927734375
