graph: 353.901709
import: 822
injection_detection: 1954.5621871948242
injection_reconstruction: 0.022649765014648438
proto_pollution_detection: 549.490213394165
proto_pollution_reconstruction: 0.018358230590820312
