graph: 419.859583
import: 1369
injection_detection: 1587.1739387512207
injection_reconstruction: 0.021219253540039062
proto_pollution_detection: 613.6877536773682
proto_pollution_reconstruction: 0.026941299438476562
