graph: 719.175584
import: 793
injection_detection: 83.18519592285156
injection_reconstruction: 0.017404556274414062
proto_pollution_detection: 772.8908061981201
proto_pollution_reconstruction: 0.01811981201171875
