graph: 407.279708
import: 947
injection_detection: 1317.1424865722656
injection_reconstruction: 0.05435943603515625
proto_pollution_detection: 481.94336891174316
proto_pollution_reconstruction: 0.02288818359375
