graph: 726.983584
import: 742
injection_detection: 75.75440406799316
injection_reconstruction: 0.0152587890625
proto_pollution_detection: 749.4606971740723
proto_pollution_reconstruction: 0.019788742065429688
