graph: 345.418166
import: 914
injection_detection: 1179.2805194854736
injection_reconstruction: 0.019311904907226562
proto_pollution_detection: 740.058422088623
proto_pollution_reconstruction: 0.064849853515625
