graph: 800.909292
import: 726
injection_detection: 96.44031524658203
injection_reconstruction: 0.020503997802734375
proto_pollution_detection: 808.2113265991211
proto_pollution_reconstruction: 0.021696090698242188
