graph: 404.577376
import: 625
injection_detection: 178.53140830993652
injection_reconstruction: 0.018596649169921875
proto_pollution_detection: 893.9599990844727
proto_pollution_reconstruction: 0.02574920654296875
