graph: 372.894708
import: 575
injection_detection: 104.15124893188477
injection_reconstruction: 0.018835067749023438
proto_pollution_detection: 508.35323333740234
proto_pollution_reconstruction: 0.028133392333984375
