graph: 429.626833
import: 621
injection_detection: 173.20775985717773
injection_reconstruction: 0.015974044799804688
proto_pollution_detection: 827.2624015808105
proto_pollution_reconstruction: 0.025272369384765625
