graph: 133.469894
import: 1199
injection_detection: 2068.74680519104
proto_pollution_detection: 629.0473937988281
