graph: 418.451125
import: 674
injection_detection: 234.67111587524414
injection_reconstruction: 0.026702880859375
proto_pollution_detection: 994.6303367614746
proto_pollution_reconstruction: 0.027894973754882812
