graph: 512.867375
import: 675
injection_detection: 127.21586227416992
injection_reconstruction: 0.024080276489257812
proto_pollution_detection: 904.1776657104492
proto_pollution_reconstruction: 3792.173147201538
