graph: 116.611917
import: 786
injection_detection: 1329.7004699707031
injection_reconstruction: 0.02193450927734375
proto_pollution_detection: 836.1401557922363
proto_pollution_reconstruction: 3458.998680114746
