graph: 118.936666
import: 894
injection_detection: 1878.8056373596191
injection_reconstruction: 0.04649162292480469
proto_pollution_detection: 940.6557083129883
proto_pollution_reconstruction: 3270.131826400757
