graph: 709.49575
import: 641
injection_detection: 98.69146347045898
injection_reconstruction: 0.019311904907226562
proto_pollution_detection: 849.3702411651611
proto_pollution_reconstruction: 4442.621469497681
