graph: 478.007583
import: 673
injection_detection: 123.51202964782715
injection_reconstruction: 0.0209808349609375
proto_pollution_detection: 597.0194339752197
proto_pollution_reconstruction: 4657.019853591919
