graph: 143.087667
import: 730
injection_detection: 1366.0523891448975
injection_reconstruction: 0.02193450927734375
proto_pollution_detection: 842.0140743255615
proto_pollution_reconstruction: 2759.776830673218
