graph: 480.816208
import: 729
injection_detection: 117.9046630859375
injection_reconstruction: 0.024080276489257812
proto_pollution_detection: 950.1776695251465
proto_pollution_reconstruction: 4577.652931213379
