graph: 109.155542
import: 1038
injection_detection: 1406.703233718872
injection_reconstruction: 0.020742416381835938
proto_pollution_detection: 893.6593532562256
proto_pollution_reconstruction: 3011.744499206543
