graph: 529.141251
import: 636
injection_detection: 108.64639282226562
injection_reconstruction: 2178.8928508758545
proto_pollution_detection: 510.33949851989746
proto_pollution_reconstruction: 0.0247955322265625
