graph: 430.490417
import: 662
injection_detection: 112.17856407165527
injection_reconstruction: 1884.9220275878906
proto_pollution_detection: 508.58592987060547
proto_pollution_reconstruction: 0.017642974853515625
