graph: 423.214875
import: 630
injection_detection: 125.12016296386719
injection_reconstruction: 2205.592632293701
proto_pollution_detection: 801.2597560882568
proto_pollution_reconstruction: 0.0476837158203125
