graph: 148.470192
import: 1350
injection_detection: 2278.7532806396484
proto_pollution_detection: 802.83522605896
