graph: 389.830292
import: 585
injection_detection: 95.92533111572266
injection_reconstruction: 1396.435022354126
proto_pollution_detection: 373.87871742248535
proto_pollution_reconstruction: 0.018596649169921875
