graph: 103.820336
import: 1259
injection_detection: 2085.594654083252
proto_pollution_detection: 679.070234298706
