graph: 324.6085
import: 1058
injection_detection: 1393.537998199463
injection_reconstruction: 5072.498321533203
proto_pollution_detection: 227.65350341796875
proto_pollution_reconstruction: 0.04863739013671875
