graph: 592.769083
import: 793
injection_detection: 140.8560276031494
injection_reconstruction: 4530.605792999268
proto_pollution_detection: 480.47900199890137
proto_pollution_reconstruction: 0.015974044799804688
