graph: 262.229459
import: 862
injection_detection: 1158.7841510772705
injection_reconstruction: 5094.801425933838
proto_pollution_detection: 211.3211154937744
proto_pollution_reconstruction: 0.019788742065429688
