graph: 3328.817336
import: 2304
injection_detection: 209.23972129821777
injection_reconstruction: 11469.191312789917
proto_pollution_detection: 1242.2771453857422
proto_pollution_reconstruction: 0.03409385681152344
