graph: 619.601917
import: 723
injection_detection: 95.0934886932373
injection_reconstruction: 4876.675844192505
proto_pollution_detection: 501.70111656188965
proto_pollution_reconstruction: 0.019073486328125
