graph: 331.968376
import: 1511
injection_detection: 1957.6849937438965
proto_pollution_detection: 839.9412631988525
