graph: 755.650083
import: 1119
injection_detection: 484.38549041748047
injection_reconstruction: 7716.77041053772
proto_pollution_detection: 591.1331176757812
proto_pollution_reconstruction: 0.026464462280273438
