graph: 687.238
import: 959
injection_detection: 97.16343879699707
injection_reconstruction: 5335.647106170654
proto_pollution_detection: 627.1944046020508
proto_pollution_reconstruction: 0.04696846008300781
