graph: 850.381501
import: 953
injection_detection: 116.53256416320801
injection_reconstruction: 3884.486436843872
proto_pollution_detection: 374.8183250427246
proto_pollution_reconstruction: 0.01811981201171875
