graph: 636.448375
import: 735
injection_detection: 113.49201202392578
injection_reconstruction: 3461.5516662597656
proto_pollution_detection: 376.64270401000977
proto_pollution_reconstruction: 0.02765655517578125
