graph: 338.433
import: 932
injection_detection: 1518.347978591919
injection_reconstruction: 5518.918514251709
proto_pollution_detection: 182.43837356567383
proto_pollution_reconstruction: 0.023365020751953125
