graph: 588.662542
import: 715
injection_detection: 106.6744327545166
injection_reconstruction: 2799.9186515808105
proto_pollution_detection: 342.67425537109375
proto_pollution_reconstruction: 0.015974044799804688
