graph: 292.288459
import: 604
injection_detection: 92.26298332214355
injection_reconstruction: 0.02956390380859375
proto_pollution_detection: 455.1129341125488
proto_pollution_reconstruction: 0.024080276489257812
