graph: 313.159584
import: 593
injection_detection: 78.80711555480957
injection_reconstruction: 0.01430511474609375
proto_pollution_detection: 738.3856773376465
proto_pollution_reconstruction: 0.024557113647460938
