graph: 147.349042
import: 1127
injection_detection: 1451.282024383545
injection_reconstruction: 0.024318695068359375
proto_pollution_detection: 561.5501403808594
proto_pollution_reconstruction: 0.04744529724121094
