graph: 2852.826085
import: 1381
injection_detection: 385.93530654907227
injection_reconstruction: 0.03218650817871094
proto_pollution_detection: 1770.1616287231445
proto_pollution_reconstruction: 0.031948089599609375
