graph: 281.414584
import: 578
injection_detection: 198.08173179626465
injection_reconstruction: 0.016450881958007812
proto_pollution_detection: 811.5992546081543
proto_pollution_reconstruction: 0.02956390380859375
