graph: 306.371583
import: 727
injection_detection: 130.2492618560791
injection_reconstruction: 0.020503997802734375
proto_pollution_detection: 575.136661529541
proto_pollution_reconstruction: 0.020503997802734375
