graph: 308.475167
import: 582
injection_detection: 118.1337833404541
injection_reconstruction: 0.016927719116210938
proto_pollution_detection: 1091.2342071533203
proto_pollution_reconstruction: 1454.08034324646
