graph: 471.436126
import: 675
injection_detection: 89.74218368530273
injection_reconstruction: 0.0152587890625
proto_pollution_detection: 1082.2439193725586
proto_pollution_reconstruction: 1711.6808891296387
