graph: 405.388
import: 718
injection_detection: 93.21737289428711
injection_reconstruction: 0.015497207641601562
proto_pollution_detection: 1097.2914695739746
proto_pollution_reconstruction: 1970.996379852295
