graph: 92.589292
import: 820
injection_detection: 1352.6241779327393
injection_reconstruction: 0.04649162292480469
proto_pollution_detection: 973.8805294036865
proto_pollution_reconstruction: 2629.90403175354
