graph: 102.745875
import: 761
injection_detection: 1268.1593894958496
injection_reconstruction: 0.019550323486328125
proto_pollution_detection: 1051.9194602966309
proto_pollution_reconstruction: 2785.7375144958496
