graph: 289.092375
import: 602
injection_detection: 131.66189193725586
injection_reconstruction: 0.022172927856445312
proto_pollution_detection: 689.7258758544922
proto_pollution_reconstruction: 1358.2398891448975
