graph: 520.411625
import: 702
injection_detection: 184.96990203857422
injection_reconstruction: 4357.085466384888
proto_pollution_detection: 337.86892890930176
proto_pollution_reconstruction: 0.02574920654296875
