graph: 311.653292
import: 895
injection_detection: 1350.325345993042
injection_reconstruction: 3734.797716140747
proto_pollution_detection: 192.06500053405762
proto_pollution_reconstruction: 0.021219253540039062
