graph: 303.283376
import: 804
injection_detection: 1388.2043361663818
injection_reconstruction: 3904.4954776763916
proto_pollution_detection: 135.53333282470703
proto_pollution_reconstruction: 0.019788742065429688
