graph: 612.610125
import: 745
injection_detection: 241.6396141052246
injection_reconstruction: 4178.177833557129
proto_pollution_detection: 388.7186050415039
proto_pollution_reconstruction: 0.020265579223632812
