graph: 424.205417
import: 620
injection_detection: 104.5083999633789
injection_reconstruction: 3733.809471130371
proto_pollution_detection: 313.9643669128418
proto_pollution_reconstruction: 0.021219253540039062
