graph: 3267.795002
import: 1251
injection_detection: 465.620756149292
injection_reconstruction: 12906.601667404175
proto_pollution_detection: 519.1209316253662
proto_pollution_reconstruction: 0.030755996704101562
