graph: 139.677
import: 1063
injection_detection: 1331.4218521118164
injection_reconstruction: 3268.5790061950684
proto_pollution_detection: 161.54766082763672
proto_pollution_reconstruction: 0.024080276489257812
