graph: 100.200167
import: 723
injection_detection: 1226.815938949585
injection_reconstruction: 4397.308111190796
proto_pollution_detection: 154.41513061523438
proto_pollution_reconstruction: 0.022172927856445312
