graph: 498.126751
import: 852
injection_detection: 202.12435722351074
injection_reconstruction: 3095.5069065093994
proto_pollution_detection: 342.9758548736572
proto_pollution_reconstruction: 0.030040740966796875
