graph: 523.67175
import: 813
injection_detection: 257.7557563781738
injection_reconstruction: 3380.6138038635254
proto_pollution_detection: 359.12418365478516
proto_pollution_reconstruction: 0.02288818359375
