graph: 116.314417
import: 851
injection_detection: 1254.3368339538574
injection_reconstruction: 3126.1520385742188
proto_pollution_detection: 123.78525733947754
proto_pollution_reconstruction: 0.017881393432617188
