graph: 2810.871393
import: 1440
injection_detection: 445.22595405578613
injection_reconstruction: 371.013879776001
proto_pollution_detection: 1974.4961261749268
proto_pollution_reconstruction: 0.041484832763671875
