graph: 366.320042
import: 702
injection_detection: 122.6356029510498
injection_reconstruction: 2115.4956817626953
proto_pollution_detection: 771.5303897857666
proto_pollution_reconstruction: 0.133514404296875
