graph: 363.944625
import: 694
injection_detection: 130.49817085266113
injection_reconstruction: 2019.8676586151123
proto_pollution_detection: 537.8444194793701
proto_pollution_reconstruction: 0.027179718017578125
