graph: 375.170209
import: 849
injection_detection: 128.0076503753662
injection_reconstruction: 2324.1660594940186
proto_pollution_detection: 623.2409477233887
proto_pollution_reconstruction: 0.020742416381835938
