graph: 2571.027024
import: 1267
injection_detection: 169.1420078277588
injection_reconstruction: 5251.118898391724
proto_pollution_detection: 851.1543273925781
proto_pollution_reconstruction: 0.035762786865234375
