graph: 117.008292
import: 792
injection_detection: 1778.3448696136475
injection_reconstruction: 2788.9273166656494
proto_pollution_detection: 181.1363697052002
proto_pollution_reconstruction: 0.019311904907226562
