graph: 370.792917
import: 718
injection_detection: 104.7976016998291
injection_reconstruction: 2007.1179866790771
proto_pollution_detection: 599.034309387207
proto_pollution_reconstruction: 0.017881393432617188
