graph: 125.622875
import: 803
injection_detection: 1331.6409587860107
injection_reconstruction: 0.02384185791015625
proto_pollution_detection: 932.7220916748047
proto_pollution_reconstruction: 5617.670059204102
