graph: 399.553792
import: 715
injection_detection: 174.1659641265869
injection_reconstruction: 0.021219253540039062
proto_pollution_detection: 1362.1494770050049
proto_pollution_reconstruction: 5154.766798019409
