graph: 125.036375
import: 911
injection_detection: 1352.1292209625244
injection_reconstruction: 0.024318695068359375
proto_pollution_detection: 948.3683109283447
proto_pollution_reconstruction: 5264.243364334106
