graph: 326.158792
import: 696
injection_detection: 159.66010093688965
injection_reconstruction: 0.02384185791015625
proto_pollution_detection: 1127.8712749481201
proto_pollution_reconstruction: 4837.770938873291
