graph: 107.997542
import: 855
injection_detection: 1811.0601902008057
injection_reconstruction: 0.0438690185546875
proto_pollution_detection: 1031.1355590820312
proto_pollution_reconstruction: 5934.075117111206
