graph: 120.956625
import: 870
injection_detection: 1350.4962921142578
injection_reconstruction: 0.023126602172851562
proto_pollution_detection: 934.6160888671875
proto_pollution_reconstruction: 5442.846298217773
