graph: 370.454541
import: 728
injection_detection: 118.85428428649902
injection_reconstruction: 0.029087066650390625
proto_pollution_detection: 884.5267295837402
proto_pollution_reconstruction: 5047.216176986694
