graph: 368.684834
import: 659
injection_detection: 184.27443504333496
injection_reconstruction: 0.022172927856445312
proto_pollution_detection: 1216.796636581421
proto_pollution_reconstruction: 4065.1676654815674
