graph: 419.103709
import: 1015
injection_detection: 1308.3248138427734
injection_reconstruction: 0.0171661376953125
proto_pollution_detection: 1879.234790802002
proto_pollution_reconstruction: 3470.5145359039307
