graph: 792.711
import: 965
injection_detection: 77.99005508422852
injection_reconstruction: 0.023603439331054688
proto_pollution_detection: 1640.256404876709
proto_pollution_reconstruction: 3837.217092514038
