graph: 449.769292
import: 1174
injection_detection: 1511.017084121704
injection_reconstruction: 0.026464462280273438
proto_pollution_detection: 2331.455945968628
proto_pollution_reconstruction: 3360.8570098876953
