graph: 345.559542
import: 886
injection_detection: 1041.3286685943604
injection_reconstruction: 0.016450881958007812
proto_pollution_detection: 1574.2459297180176
proto_pollution_reconstruction: 3299.919605255127
