graph: 835.297125
import: 906
injection_detection: 85.9975814819336
injection_reconstruction: 0.0171661376953125
proto_pollution_detection: 1871.1707592010498
proto_pollution_reconstruction: 3675.3745079040527
