graph: 786.223792
import: 782
injection_detection: 126.65748596191406
injection_reconstruction: 0.026464462280273438
proto_pollution_detection: 1260.716199874878
proto_pollution_reconstruction: 3420.4864501953125
