graph: 860.613167
import: 811
injection_detection: 85.27231216430664
injection_reconstruction: 0.014543533325195312
proto_pollution_detection: 1800.171136856079
proto_pollution_reconstruction: 3487.99991607666
