graph: 496.695292
import: 738
injection_detection: 137.35437393188477
injection_reconstruction: 0.022411346435546875
proto_pollution_detection: 3444.9057579040527
proto_pollution_reconstruction: 3420.665979385376
