graph: 510.423917
import: 701
injection_detection: 116.69707298278809
injection_reconstruction: 0.023126602172851562
proto_pollution_detection: 2960.261583328247
proto_pollution_reconstruction: 3422.211170196533
