graph: 477.623292
import: 791
injection_detection: 117.69866943359375
injection_reconstruction: 0.018596649169921875
proto_pollution_detection: 3015.223503112793
proto_pollution_reconstruction: 3377.4538040161133
