graph: 182.002958
import: 876
injection_detection: 1341.677188873291
injection_reconstruction: 0.024318695068359375
