graph: 506.65625
import: 730
injection_detection: 95.0460433959961
injection_reconstruction: 0.023365020751953125
proto_pollution_detection: 3163.3195877075195
proto_pollution_reconstruction: 2548.7453937530518
