graph: 159.996167
import: 850
injection_detection: 1238.0878925323486
injection_reconstruction: 0.016689300537109375
