graph: 194.99275
import: 917
injection_detection: 1342.2391414642334
injection_reconstruction: 0.031948089599609375
