graph: 2803.158885
import: 1248
injection_detection: 424.91674423217773
injection_reconstruction: 6881.221771240234
proto_pollution_detection: 537.7178192138672
proto_pollution_reconstruction: 0.04124641418457031
