graph: 2664.060134
import: 1240
injection_detection: 363.1293773651123
injection_reconstruction: 342.43106842041016
proto_pollution_detection: 1639.646053314209
proto_pollution_reconstruction: 0.03552436828613281
