graph: 2813.136979
import: 1319
injection_detection: 448.40478897094727
injection_reconstruction: 484.9207401275635
proto_pollution_detection: 2101.747989654541
proto_pollution_reconstruction: 0.047206878662109375
