graph: 397.405834
import: 680
injection_detection: 463.4878635406494
injection_reconstruction: 0.0362396240234375
proto_pollution_detection: 1581.8736553192139
proto_pollution_reconstruction: 2202.927350997925
