graph: 112.8455
import: 737
injection_detection: 1314.4068717956543
injection_reconstruction: 0.02574920654296875
proto_pollution_detection: 860.7156276702881
proto_pollution_reconstruction: 2087.428092956543
