graph: 358.199
import: 1012
injection_detection: 1626.4803409576416
injection_reconstruction: 0.04458427429199219
proto_pollution_detection: 1650.808334350586
proto_pollution_reconstruction: 2951.3204097747803
