graph: 332.494084
import: 625
injection_detection: 159.20662879943848
injection_reconstruction: 0.026941299438476562
proto_pollution_detection: 1183.7201118469238
proto_pollution_reconstruction: 1696.6180801391602
