graph: 325.702084
import: 612
injection_detection: 193.68863105773926
injection_reconstruction: 0.028848648071289062
proto_pollution_detection: 1224.9884605407715
proto_pollution_reconstruction: 1582.0229053497314
