graph: 279.992167
import: 550
injection_detection: 96.8167781829834
injection_reconstruction: 0.02002716064453125
proto_pollution_detection: 743.5004711151123
proto_pollution_reconstruction: 1447.3743438720703
