graph: 604.635209
import: 726
injection_detection: 132.8866481781006
injection_reconstruction: 0.01621246337890625
proto_pollution_detection: 769.8245048522949
proto_pollution_reconstruction: 1481.6606044769287
