graph: 321.011319
import: 1728
injection_detection: 2113.7659549713135
proto_pollution_detection: 2014.1046047210693
