graph: 237.565167
import: 1073
injection_detection: 1120.0342178344727
injection_reconstruction: 0.016927719116210938
proto_pollution_detection: 1138.2806301116943
proto_pollution_reconstruction: 2640.9668922424316
