graph: 315.119416
import: 997
injection_detection: 1668.269395828247
injection_reconstruction: 0.28705596923828125
proto_pollution_detection: 1391.3681507110596
proto_pollution_reconstruction: 3148.1406688690186
