graph: 645.931126
import: 859
injection_detection: 76.53284072875977
injection_reconstruction: 0.024080276489257812
proto_pollution_detection: 1078.4695148468018
proto_pollution_reconstruction: 1678.741693496704
