graph: 764.254
import: 906
injection_detection: 106.48727416992188
injection_reconstruction: 0.02288818359375
proto_pollution_detection: 1372.1110820770264
proto_pollution_reconstruction: 2167.203664779663
