graph: 498.278985
import: 2271
injection_detection: 2426.9490242004395
proto_pollution_detection: 1512.3276710510254
