graph: 418.958542
import: 628
injection_detection: 134.61637496948242
injection_reconstruction: 0.02956390380859375
proto_pollution_detection: 557.2085380554199
proto_pollution_reconstruction: 0.020742416381835938
