graph: 407.133417
import: 638
injection_detection: 251.0969638824463
injection_reconstruction: 0.026702880859375
proto_pollution_detection: 932.8598976135254
proto_pollution_reconstruction: 0.0171661376953125
