graph: 111.630541
import: 1259
injection_detection: 1906.944990158081
proto_pollution_detection: 710.7784748077393
