graph: 152.956138
import: 817
injection_detection: 1548.3384132385254
proto_pollution_detection: 748.0072975158691
