graph: 504.797667
import: 758
injection_detection: 77.98194885253906
injection_reconstruction: 0.02002716064453125
proto_pollution_detection: 1057.9109191894531
proto_pollution_reconstruction: 2250.6961822509766
