graph: 400.659459
import: 650
injection_detection: 123.27098846435547
injection_reconstruction: 0.02956390380859375
proto_pollution_detection: 796.924352645874
proto_pollution_reconstruction: 1976.0119915008545
