graph: 433.230542
import: 739
injection_detection: 76.64084434509277
injection_reconstruction: 0.016450881958007812
proto_pollution_detection: 1091.5729999542236
proto_pollution_reconstruction: 2185.966968536377
