graph: 546.177417
import: 930
injection_detection: 81.32672309875488
injection_reconstruction: 0.015735626220703125
proto_pollution_detection: 1384.176254272461
proto_pollution_reconstruction: 2190.580368041992
