graph: 239.283583
import: 1075
injection_detection: 1460.724115371704
injection_reconstruction: 0.02574920654296875
proto_pollution_detection: 1574.155330657959
proto_pollution_reconstruction: 3955.498218536377
