graph: 3719.176866
import: 2479
injection_detection: 206.0537338256836
injection_reconstruction: 8463.718175888062
proto_pollution_detection: 943.5601234436035
proto_pollution_reconstruction: 0.042438507080078125
