graph: 483.217292
import: 721
injection_detection: 221.47321701049805
injection_reconstruction: 3895.343065261841
proto_pollution_detection: 349.3940830230713
proto_pollution_reconstruction: 0.016927719116210938
