graph: 516.497958
import: 674
injection_detection: 161.39912605285645
injection_reconstruction: 3819.4656372070312
proto_pollution_detection: 358.93845558166504
proto_pollution_reconstruction: 0.021219253540039062
