graph: 441.374917
import: 650
injection_detection: 90.75927734375
injection_reconstruction: 0.01621246337890625
proto_pollution_detection: 469.49267387390137
proto_pollution_reconstruction: 0.02384185791015625
