graph: 530.898917
import: 720
injection_detection: 79.77008819580078
injection_reconstruction: 0.029325485229492188
proto_pollution_detection: 755.0899982452393
proto_pollution_reconstruction: 0.025033950805664062
