graph: 205.365
import: 1207
injection_detection: 1391.6690349578857
injection_reconstruction: 0.05269050598144531
proto_pollution_detection: 595.4384803771973
proto_pollution_reconstruction: 0.026226043701171875
