graph: 490.471459
import: 716
injection_detection: 84.65576171875
injection_reconstruction: 0.018835067749023438
proto_pollution_detection: 734.827995300293
proto_pollution_reconstruction: 0.028371810913085938
