graph: 218.519834
import: 883
injection_detection: 1242.990255355835
injection_reconstruction: 0.015497207641601562
proto_pollution_detection: 440.504789352417
proto_pollution_reconstruction: 0.020742416381835938
