graph: 548.29
import: 846
injection_detection: 94.88129615783691
injection_reconstruction: 0.018596649169921875
proto_pollution_detection: 834.0601921081543
proto_pollution_reconstruction: 0.01621246337890625
