graph: 604.180501
import: 913
injection_detection: 85.3888988494873
injection_reconstruction: 0.015497207641601562
proto_pollution_detection: 1221.3375568389893
proto_pollution_reconstruction: 4918.265104293823
