graph: 291.690334
import: 922
injection_detection: 1321.9993114471436
injection_reconstruction: 0.022411346435546875
proto_pollution_detection: 1558.9063167572021
proto_pollution_reconstruction: 5924.004077911377
