graph: 532.522709
import: 678
injection_detection: 92.88620948791504
injection_reconstruction: 0.021457672119140625
proto_pollution_detection: 916.8739318847656
proto_pollution_reconstruction: 4632.656097412109
