graph: 612.9865
import: 925
injection_detection: 106.27102851867676
injection_reconstruction: 0.018358230590820312
proto_pollution_detection: 1560.473918914795
proto_pollution_reconstruction: 5092.808961868286
