graph: 591.504917
import: 807
injection_detection: 122.97821044921875
injection_reconstruction: 0.020265579223632812
proto_pollution_detection: 1770.5354690551758
proto_pollution_reconstruction: 5679.0783405303955
