graph: 341.476709
import: 1151
injection_detection: 1555.3407669067383
injection_reconstruction: 0.020265579223632812
proto_pollution_detection: 2269.6242332458496
proto_pollution_reconstruction: 8026.313781738281
