graph: 3044.555742
import: 1598
injection_detection: 217.72217750549316
injection_reconstruction: 20897.25112915039
proto_pollution_detection: 1030.7903289794922
proto_pollution_reconstruction: 0.0400543212890625
