graph: 281.250052
import: 1481
injection_detection: 2470.0520038604736
proto_pollution_detection: 815.7327175140381
