graph: 668.430709
import: 901
injection_detection: 266.2796974182129
injection_reconstruction: 5634.622573852539
proto_pollution_detection: 412.7779006958008
proto_pollution_reconstruction: 0.024318695068359375
