graph: 678.835292
import: 727
injection_detection: 277.67014503479004
injection_reconstruction: 5056.148052215576
proto_pollution_detection: 317.044734954834
proto_pollution_reconstruction: 0.02765655517578125
