graph: 584.219834
import: 717
injection_detection: 176.41925811767578
injection_reconstruction: 4796.341896057129
proto_pollution_detection: 328.7787437438965
proto_pollution_reconstruction: 0.021696090698242188
