graph: 191.569416
import: 953
injection_detection: 1565.7169818878174
injection_reconstruction: 5361.746788024902
proto_pollution_detection: 127.91228294372559
proto_pollution_reconstruction: 0.0629425048828125
