graph: 665.135083
import: 772
injection_detection: 351.55510902404785
injection_reconstruction: 5244.085073471069
proto_pollution_detection: 396.8219757080078
proto_pollution_reconstruction: 0.027418136596679688
