graph: 258.980339
import: 1956
injection_detection: 1545.4919338226318
proto_pollution_detection: 512.584924697876
