
Timed out
graph: 33938667.850971
import: 4305
injection_detection: 1557.154655456543
