graph: 533.012583
import: 763
injection_detection: 103.4705638885498
injection_reconstruction: 0.0171661376953125
proto_pollution_detection: 1069.0715312957764
