graph: 247.266376
import: 1
injection_detection: 1479.2332649230957
injection_reconstruction: 0.024557113647460938
proto_pollution_detection: 1174.2851734161377
proto_pollution_reconstruction: 6006.472826004028
