graph: 598.427791
import: 818
injection_detection: 112.98775672912598
injection_reconstruction: 0.019788742065429688
proto_pollution_detection: 919.9206829071045
