graph: 455.534792
import: 657
injection_detection: 87.16940879821777
injection_reconstruction: 0.01430511474609375
proto_pollution_detection: 1030.9317111968994
