graph: 198.457292
import: 958
injection_detection: 1265.7241821289062
injection_reconstruction: 0.026464462280273438
proto_pollution_detection: 1152.2362232208252
