graph: 256.425209
import: 1182
injection_detection: 1387.3348236083984
injection_reconstruction: 0.046253204345703125
proto_pollution_detection: 1290.8689975738525
