graph: 586.569417
import: 754
injection_detection: 110.10622978210449
injection_reconstruction: 0.031948089599609375
proto_pollution_detection: 1050.691843032837
