graph: 237.323833
import: 1092
injection_detection: 1289.3321514129639
injection_reconstruction: 0.024557113647460938
proto_pollution_detection: 1140.0084495544434
