graph: 2998.108795
import: 1388
injection_detection: 260.06460189819336
injection_reconstruction: 7495.656728744507
proto_pollution_detection: 515.2137279510498
proto_pollution_reconstruction: 0.03266334533691406
