graph: 165.052525
import: 1196
injection_detection: 2160.068988800049
proto_pollution_detection: 741.4753437042236
