graph: 2890.694518
import: 1497
injection_detection: 453.2489776611328
injection_reconstruction: 8930.276870727539
proto_pollution_detection: 494.8844909667969
proto_pollution_reconstruction: 0.03266334533691406
