graph: 160.239493
import: 1321
injection_detection: 2346.3685512542725
proto_pollution_detection: 614.6078109741211
