graph: 570.443916
import: 685
injection_detection: 128.936767578125
injection_reconstruction: 3410.560131072998
proto_pollution_detection: 334.1259956359863
proto_pollution_reconstruction: 0.018358230590820312
