graph: 525.819125
import: 677
injection_detection: 113.71064186096191
injection_reconstruction: 4518.558502197266
proto_pollution_detection: 333.33277702331543
proto_pollution_reconstruction: 0.02002716064453125
