graph: 2160.262834
import: 785
injection_detection: 1381.5364837646484
injection_reconstruction: 6559.482574462891
proto_pollution_detection: 105.60464859008789
proto_pollution_reconstruction: 0.021457672119140625
