graph: 153.7385
import: 796
injection_detection: 1347.4540710449219
injection_reconstruction: 3375.7221698760986
proto_pollution_detection: 132.3416233062744
proto_pollution_reconstruction: 0.016927719116210938
