graph: 2511.895501
import: 778
injection_detection: 1367.7926063537598
injection_reconstruction: 6212.42618560791
proto_pollution_detection: 121.33479118347168
proto_pollution_reconstruction: 0.021219253540039062
