graph: 163.874458
import: 771
injection_detection: 1209.9888324737549
injection_reconstruction: 3506.0129165649414
proto_pollution_detection: 155.58338165283203
proto_pollution_reconstruction: 0.022411346435546875
