graph: 501.077959
import: 620
injection_detection: 121.29926681518555
injection_reconstruction: 3938.7433528900146
proto_pollution_detection: 316.2059783935547
proto_pollution_reconstruction: 0.025987625122070312
