graph: 590.876917
import: 942
injection_detection: 123.36492538452148
injection_reconstruction: 4043.6630249023438
proto_pollution_detection: 411.1909866333008
proto_pollution_reconstruction: 0.016450881958007812
