graph: 582.649959
import: 636
injection_detection: 106.99868202209473
injection_reconstruction: 3457.0765495300293
proto_pollution_detection: 351.8028259277344
proto_pollution_reconstruction: 0.019788742065429688
