graph: 325.039375
import: 669
injection_detection: 98.8919734954834
injection_reconstruction: 0.0152587890625
proto_pollution_detection: 780.3866863250732
proto_pollution_reconstruction: 0.024080276489257812
