graph: 118.88225
import: 738
injection_detection: 1225.2893447875977
injection_reconstruction: 0.03337860107421875
proto_pollution_detection: 490.6790256500244
proto_pollution_reconstruction: 0.025272369384765625
