graph: 2849.710984
import: 1197
injection_detection: 170.72486877441406
injection_reconstruction: 0.032901763916015625
proto_pollution_detection: 2102.8826236724854
proto_pollution_reconstruction: 0.04506111145019531
