graph: 305.499917
import: 600
injection_detection: 98.14190864562988
injection_reconstruction: 0.018358230590820312
proto_pollution_detection: 766.674280166626
proto_pollution_reconstruction: 0.025033950805664062
