graph: 119.707208
import: 768
injection_detection: 1363.386631011963
injection_reconstruction: 0.018835067749023438
proto_pollution_detection: 512.357234954834
proto_pollution_reconstruction: 0.029325485229492188
