graph: 285.818667
import: 614
injection_detection: 100.83341598510742
injection_reconstruction: 0.014066696166992188
proto_pollution_detection: 750.6873607635498
proto_pollution_reconstruction: 0.01811981201171875
