graph: 126.54375
import: 959
injection_detection: 1432.9733848571777
injection_reconstruction: 0.022649765014648438
proto_pollution_detection: 519.9868679046631
proto_pollution_reconstruction: 0.03790855407714844
