graph: 358.90525
import: 713
injection_detection: 150.39706230163574
injection_reconstruction: 0.020742416381835938
proto_pollution_detection: 564.7671222686768
proto_pollution_reconstruction: 0.017404556274414062
