graph: 137.593875
import: 844
injection_detection: 1344.9254035949707
injection_reconstruction: 0.021457672119140625
proto_pollution_detection: 489.4223213195801
proto_pollution_reconstruction: 0.028848648071289062
