graph: 575.7855
import: 648
injection_detection: 114.23230171203613
injection_reconstruction: 3716.644763946533
proto_pollution_detection: 300.5063533782959
proto_pollution_reconstruction: 0.018596649169921875
