graph: 3219.929192
import: 1335
injection_detection: 227.5245189666748
injection_reconstruction: 11515.943765640259
proto_pollution_detection: 1292.6826477050781
proto_pollution_reconstruction: 0.031948089599609375
