graph: 563.281667
import: 645
injection_detection: 96.59457206726074
injection_reconstruction: 4773.127317428589
proto_pollution_detection: 325.8628845214844
proto_pollution_reconstruction: 0.02193450927734375
