graph: 124.587416
import: 825
injection_detection: 1259.464979171753
injection_reconstruction: 3591.188669204712
proto_pollution_detection: 104.50959205627441
proto_pollution_reconstruction: 0.027179718017578125
