graph: 105.475667
import: 684
injection_detection: 1226.4432907104492
injection_reconstruction: 2372.628927230835
proto_pollution_detection: 104.80880737304688
proto_pollution_reconstruction: 0.015735626220703125
