graph: 415.173792
import: 587
injection_detection: 99.25460815429688
injection_reconstruction: 4203.213691711426
proto_pollution_detection: 296.675443649292
proto_pollution_reconstruction: 0.018596649169921875
