graph: 142.052167
import: 791
injection_detection: 1185.1859092712402
injection_reconstruction: 3598.653554916382
proto_pollution_detection: 91.76230430603027
proto_pollution_reconstruction: 0.016689300537109375
