graph: 239.524417
import: 785
injection_detection: 1395.559310913086
injection_reconstruction: 4948.580741882324
proto_pollution_detection: 117.03109741210938
proto_pollution_reconstruction: 0.025272369384765625
