graph: 260.084791
import: 774
injection_detection: 1478.3871173858643
injection_reconstruction: 4850.778818130493
proto_pollution_detection: 101.68099403381348
proto_pollution_reconstruction: 0.023603439331054688
