graph: 440.818251
import: 601
injection_detection: 138.21840286254883
injection_reconstruction: 3759.324073791504
proto_pollution_detection: 330.23738861083984
proto_pollution_reconstruction: 0.015974044799804688
