graph: 606.903
import: 672
injection_detection: 107.62262344360352
injection_reconstruction: 4713.139295578003
proto_pollution_detection: 295.3670024871826
proto_pollution_reconstruction: 0.014781951904296875
