graph: 139.824125
import: 688
injection_detection: 1467.5920009613037
injection_reconstruction: 0.0209808349609375
proto_pollution_detection: 385.6053352355957
proto_pollution_reconstruction: 0.02193450927734375
