graph: 497.818875
import: 623
injection_detection: 99.19047355651855
injection_reconstruction: 0.016450881958007812
proto_pollution_detection: 719.663143157959
proto_pollution_reconstruction: 0.022411346435546875
