graph: 115.195458
import: 698
injection_detection: 1075.4623413085938
injection_reconstruction: 0.020742416381835938
proto_pollution_detection: 339.8714065551758
proto_pollution_reconstruction: 0.015974044799804688
