graph: 946.471459
import: 788
injection_detection: 1354.0728092193604
injection_reconstruction: 0.02288818359375
proto_pollution_detection: 409.0738296508789
proto_pollution_reconstruction: 0.021696090698242188
