graph: 119.741666
import: 745
injection_detection: 1164.499044418335
injection_reconstruction: 0.017404556274414062
proto_pollution_detection: 349.23481941223145
proto_pollution_reconstruction: 0.019311904907226562
