graph: 581.517001
import: 946
injection_detection: 121.94323539733887
injection_reconstruction: 0.019550323486328125
proto_pollution_detection: 730.2424907684326
proto_pollution_reconstruction: 0.021696090698242188
