graph: 527.71225
import: 680
injection_detection: 86.13038063049316
injection_reconstruction: 0.018596649169921875
proto_pollution_detection: 747.1461296081543
proto_pollution_reconstruction: 0.021457672119140625
