graph: 1394.157918
import: 812
injection_detection: 1635.9219551086426
injection_reconstruction: 0.026702880859375
proto_pollution_detection: 508.8043212890625
proto_pollution_reconstruction: 0.025272369384765625
