graph: 555.985583
import: 662
injection_detection: 93.95933151245117
injection_reconstruction: 0.014781951904296875
proto_pollution_detection: 770.9534168243408
proto_pollution_reconstruction: 0.025987625122070312
