graph: 484.726667
import: 653
injection_detection: 71.73705101013184
injection_reconstruction: 0.019073486328125
proto_pollution_detection: 443.81070137023926
proto_pollution_reconstruction: 0.015974044799804688
