graph: 560.898459
import: 677
injection_detection: 115.15569686889648
injection_reconstruction: 0.034332275390625
proto_pollution_detection: 822.8592872619629
proto_pollution_reconstruction: 0.03266334533691406
