graph: 345.728916
import: 833
injection_detection: 1358.109474182129
injection_reconstruction: 0.028371810913085938
proto_pollution_detection: 585.7923030853271
proto_pollution_reconstruction: 0.03790855407714844
