graph: 157.443
import: 917
injection_detection: 1378.9000511169434
injection_reconstruction: 0.018358230590820312
proto_pollution_detection: 528.634786605835
proto_pollution_reconstruction: 0.017881393432617188
