graph: 471.863834
import: 590
injection_detection: 96.81916236877441
injection_reconstruction: 0.017642974853515625
proto_pollution_detection: 469.0127372741699
proto_pollution_reconstruction: 0.026702880859375
