graph: 513.559167
import: 799
injection_detection: 93.06550025939941
injection_reconstruction: 0.0152587890625
proto_pollution_detection: 741.6665554046631
proto_pollution_reconstruction: 0.01621246337890625
