graph: 520.249208
import: 707
injection_detection: 98.28352928161621
injection_reconstruction: 0.017404556274414062
proto_pollution_detection: 737.3194694519043
proto_pollution_reconstruction: 0.0171661376953125
