graph: 416.242751
import: 618
injection_detection: 94.52605247497559
injection_reconstruction: 4300.0547885894775
proto_pollution_detection: 306.5798282623291
proto_pollution_reconstruction: 0.030040740966796875
