graph: 137.9455
import: 814
injection_detection: 1752.847671508789
injection_reconstruction: 3912.8949642181396
proto_pollution_detection: 130.2165985107422
proto_pollution_reconstruction: 0.02002716064453125
