graph: 512.57375
import: 717
injection_detection: 100.67296028137207
injection_reconstruction: 5467.9083824157715
proto_pollution_detection: 478.12771797180176
proto_pollution_reconstruction: 0.026226043701171875
