graph: 413.473708
import: 586
injection_detection: 92.29493141174316
injection_reconstruction: 4804.257392883301
proto_pollution_detection: 301.4216423034668
proto_pollution_reconstruction: 0.025510787963867188
