graph: 493.753666
import: 804
injection_detection: 1506.3998699188232
injection_reconstruction: 6722.092866897583
proto_pollution_detection: 100.13341903686523
proto_pollution_reconstruction: 0.024080276489257812
