graph: 90.860875
import: 645
injection_detection: 1154.4461250305176
injection_reconstruction: 3540.25936126709
proto_pollution_detection: 128.89981269836426
proto_pollution_reconstruction: 0.019550323486328125
