graph: 484.543667
import: 721
injection_detection: 99.30610656738281
injection_reconstruction: 5349.627256393433
proto_pollution_detection: 470.4141616821289
proto_pollution_reconstruction: 0.080108642578125
