graph: 493.696
import: 1016
injection_detection: 1494.1322803497314
injection_reconstruction: 7743.879079818726
proto_pollution_detection: 166.47744178771973
proto_pollution_reconstruction: 0.022649765014648438
