graph: 513.3035
import: 698
injection_detection: 109.79390144348145
injection_reconstruction: 4528.735399246216
proto_pollution_detection: 333.2691192626953
proto_pollution_reconstruction: 0.018358230590820312
