graph: 393.747666
import: 822
injection_detection: 204.6220302581787
injection_reconstruction: 0.015735626220703125
proto_pollution_detection: 964.1189575195312
proto_pollution_reconstruction: 0.021457672119140625
