graph: 322.853542
import: 602
injection_detection: 97.76806831359863
injection_reconstruction: 0.020503997802734375
proto_pollution_detection: 546.0660457611084
proto_pollution_reconstruction: 0.017881393432617188
