graph: 352.101084
import: 746
injection_detection: 150.38228034973145
injection_reconstruction: 0.016450881958007812
proto_pollution_detection: 1010.7698440551758
proto_pollution_reconstruction: 0.018596649169921875
