graph: 190.387073
import: 1240
injection_detection: 2147.7339267730713
proto_pollution_detection: 969.9475765228271
