graph: 349.753167
import: 676
injection_detection: 154.8614501953125
injection_reconstruction: 0.0209808349609375
proto_pollution_detection: 928.5008907318115
proto_pollution_reconstruction: 0.023365020751953125
