graph: 137.428334
import: 816
injection_detection: 1392.6811218261719
injection_reconstruction: 0.06771087646484375
proto_pollution_detection: 630.9280395507812
proto_pollution_reconstruction: 0.029087066650390625
