graph: 151.438583
import: 787
injection_detection: 1533.4434509277344
injection_reconstruction: 0.023603439331054688
proto_pollution_detection: 508.47768783569336
proto_pollution_reconstruction: 0.04076957702636719
