graph: 123.351667
import: 912
injection_detection: 1359.0381145477295
injection_reconstruction: 0.03814697265625
proto_pollution_detection: 637.4833583831787
proto_pollution_reconstruction: 0.025987625122070312
