graph: 1071.234917
import: 843
injection_detection: 261.0783576965332
injection_reconstruction: 7971.732616424561
proto_pollution_detection: 392.9429054260254
proto_pollution_reconstruction: 0.027179718017578125
