graph: 790.019292
import: 1066
injection_detection: 219.53272819519043
injection_reconstruction: 6509.863376617432
proto_pollution_detection: 388.11182975769043
proto_pollution_reconstruction: 0.02956390380859375
