graph: 780.749334
import: 684
injection_detection: 253.31854820251465
injection_reconstruction: 6580.5158615112305
proto_pollution_detection: 319.6561336517334
proto_pollution_reconstruction: 0.024080276489257812
