graph: 832.954625
import: 777
injection_detection: 115.2646541595459
injection_reconstruction: 6072.474479675293
proto_pollution_detection: 361.7382049560547
proto_pollution_reconstruction: 0.019073486328125
