graph: 747.20025
import: 760
injection_detection: 98.17314147949219
injection_reconstruction: 0.018835067749023438
proto_pollution_detection: 844.6288108825684
proto_pollution_reconstruction: 0.028848648071289062
