graph: 507.176486
import: 1911
injection_detection: 2229.5546531677246
proto_pollution_detection: 948.2643604278564
