graph: 816.505
import: 962
injection_detection: 89.34354782104492
injection_reconstruction: 0.016689300537109375
proto_pollution_detection: 743.9875602722168
proto_pollution_reconstruction: 0.022411346435546875
