graph: 731.117459
import: 702
injection_detection: 116.66464805603027
injection_reconstruction: 0.017642974853515625
proto_pollution_detection: 455.23548126220703
proto_pollution_reconstruction: 0.030994415283203125
