graph: 1087.150417
import: 875
injection_detection: 146.99840545654297
injection_reconstruction: 0.018596649169921875
proto_pollution_detection: 1065.8700466156006
proto_pollution_reconstruction: 0.04315376281738281
