graph: 342.784125
import: 1048
injection_detection: 1335.3164196014404
injection_reconstruction: 0.0362396240234375
proto_pollution_detection: 485.3518009185791
proto_pollution_reconstruction: 0.029802322387695312
