graph: 2871.390298
import: 1191
injection_detection: 392.4710750579834
injection_reconstruction: 11438.323736190796
proto_pollution_detection: 503.4050941467285
proto_pollution_reconstruction: 0.017404556274414062
