graph: 2767.096674
import: 1482
injection_detection: 377.9945373535156
injection_reconstruction: 6440.71102142334
proto_pollution_detection: 538.3381843566895
proto_pollution_reconstruction: 0.03790855407714844
