graph: 167.347527
import: 1549
injection_detection: 2316.714286804199
proto_pollution_detection: 735.0976467132568
