graph: 326.111875
import: 610
injection_detection: 194.624662399292
injection_reconstruction: 0.019550323486328125
proto_pollution_detection: 835.404634475708
proto_pollution_reconstruction: 0.01811981201171875
