graph: 86.496167
import: 658
injection_detection: 1110.1269721984863
injection_reconstruction: 0.016927719116210938
proto_pollution_detection: 338.8633728027344
proto_pollution_reconstruction: 0.016927719116210938
