graph: 85.200542
import: 655
injection_detection: 1060.974359512329
injection_reconstruction: 0.01811981201171875
proto_pollution_detection: 536.252498626709
proto_pollution_reconstruction: 0.04792213439941406
