graph: 103.039208
import: 686
injection_detection: 1193.7665939331055
injection_reconstruction: 0.02288818359375
proto_pollution_detection: 403.8569927215576
proto_pollution_reconstruction: 0.023365020751953125
