graph: 356.409792
import: 733
injection_detection: 190.66929817199707
injection_reconstruction: 0.020503997802734375
proto_pollution_detection: 942.8455829620361
proto_pollution_reconstruction: 0.021219253540039062
