graph: 368.633542
import: 729
injection_detection: 222.17583656311035
injection_reconstruction: 0.0152587890625
proto_pollution_detection: 856.6837310791016
proto_pollution_reconstruction: 0.018596649169921875
