graph: 162.061667
import: 855
injection_detection: 1338.7749195098877
injection_reconstruction: 0.023365020751953125
proto_pollution_detection: 446.95425033569336
proto_pollution_reconstruction: 0.0209808349609375
