graph: 295.175459
import: 593
injection_detection: 105.89408874511719
injection_reconstruction: 0.0152587890625
proto_pollution_detection: 492.35010147094727
proto_pollution_reconstruction: 0.019788742065429688
