graph: 331.774375
import: 697
injection_detection: 174.05128479003906
injection_reconstruction: 0.0171661376953125
proto_pollution_detection: 854.0947437286377
proto_pollution_reconstruction: 0.022411346435546875
