graph: 202.450792
import: 763
injection_detection: 1352.5197505950928
injection_reconstruction: 0.020265579223632812
proto_pollution_detection: 404.3853282928467
proto_pollution_reconstruction: 0.017404556274414062
