graph: 766.013584
import: 804
injection_detection: 194.92578506469727
injection_reconstruction: 3313.048839569092
proto_pollution_detection: 465.7609462738037
proto_pollution_reconstruction: 0.0133514404296875
