graph: 511.334667
import: 632
injection_detection: 121.17314338684082
injection_reconstruction: 2697.8023052215576
proto_pollution_detection: 372.053861618042
proto_pollution_reconstruction: 0.01811981201171875
