graph: 569.110583
import: 835
injection_detection: 532.3724746704102
injection_reconstruction: 3781.3773155212402
proto_pollution_detection: 494.02737617492676
proto_pollution_reconstruction: 0.021696090698242188
