graph: 612.911125
import: 741
injection_detection: 189.47315216064453
injection_reconstruction: 3420.7475185394287
proto_pollution_detection: 414.08729553222656
proto_pollution_reconstruction: 0.017642974853515625
