graph: 2936.784288
import: 1295
injection_detection: 272.4292278289795
injection_reconstruction: 255.39040565490723
proto_pollution_detection: 1300.3149032592773
proto_pollution_reconstruction: 0.034332275390625
