graph: 363.929875
import: 714
injection_detection: 259.1991424560547
injection_reconstruction: 4202.164649963379
proto_pollution_detection: 367.28954315185547
proto_pollution_reconstruction: 0.018596649169921875
