graph: 2872.11104
import: 1264
injection_detection: 464.85114097595215
injection_reconstruction: 554.2333126068115
proto_pollution_detection: 2038.2916927337646
proto_pollution_reconstruction: 0.05412101745605469
