graph: 2951.183896
import: 1282
injection_detection: 453.68289947509766
injection_reconstruction: 10498.268365859985
proto_pollution_detection: 549.7121810913086
proto_pollution_reconstruction: 0.03504753112792969
