graph: 2933.090655
import: 1407
injection_detection: 433.0098628997803
injection_reconstruction: 6629.453182220459
proto_pollution_detection: 785.9437465667725
proto_pollution_reconstruction: 0.03552436828613281
