graph: 3635.003708
import: 3506
injection_detection: 195.56879997253418
injection_reconstruction: 12001.509666442871
proto_pollution_detection: 1029.7815799713135
proto_pollution_reconstruction: 0.041484832763671875
