graph: 3699.059994
import: 2174
injection_detection: 119.41266059875488
injection_reconstruction: 8524.43242073059
proto_pollution_detection: 685.2519512176514
proto_pollution_reconstruction: 0.030517578125
