graph: 447.75025
import: 631
injection_detection: 115.19789695739746
injection_reconstruction: 0.016689300537109375
proto_pollution_detection: 968.3356285095215
proto_pollution_reconstruction: 3731.5425872802734
