graph: 135.526083
import: 740
injection_detection: 1304.6271800994873
injection_reconstruction: 0.0171661376953125
proto_pollution_detection: 1026.2024402618408
proto_pollution_reconstruction: 3987.3249530792236
