graph: 218.686
import: 857
injection_detection: 1467.667579650879
injection_reconstruction: 0.04363059997558594
proto_pollution_detection: 1213.1438255310059
proto_pollution_reconstruction: 3615.885019302368
