graph: 517.388375
import: 625
injection_detection: 103.20377349853516
injection_reconstruction: 0.0152587890625
proto_pollution_detection: 978.3840179443359
proto_pollution_reconstruction: 4074.4948387145996
