graph: 3239.282494
import: 1313
injection_detection: 229.33411598205566
injection_reconstruction: 0.03886222839355469
proto_pollution_detection: 2557.1064949035645
proto_pollution_reconstruction: 11126.521587371826
