graph: 421.054375
import: 636
injection_detection: 102.97560691833496
injection_reconstruction: 0.022411346435546875
proto_pollution_detection: 675.7299900054932
proto_pollution_reconstruction: 3466.205596923828
