graph: 471.725542
import: 605
injection_detection: 102.58936882019043
injection_reconstruction: 0.020503997802734375
proto_pollution_detection: 1010.0359916687012
proto_pollution_reconstruction: 3541.3460731506348
