graph: 289.512
import: 692
injection_detection: 234.0536117553711
injection_reconstruction: 4246.073246002197
proto_pollution_detection: 351.2418270111084
proto_pollution_reconstruction: 0.018835067749023438
