graph: 2796.401948
import: 1297
injection_detection: 446.6361999511719
injection_reconstruction: 497.6062774658203
proto_pollution_detection: 1938.94624710083
proto_pollution_reconstruction: 0.03838539123535156
