graph: 233.771417
import: 1391
injection_detection: 2449.091911315918
injection_reconstruction: 0.05698204040527344
proto_pollution_detection: 563.6088848114014
proto_pollution_reconstruction: 0.03814697265625
