graph: 239.242958
import: 1030
injection_detection: 1440.34743309021
injection_reconstruction: 0.026226043701171875
proto_pollution_detection: 574.3005275726318
proto_pollution_reconstruction: 0.027418136596679688
