graph: 237.340334
import: 996
injection_detection: 1405.4887294769287
injection_reconstruction: 0.019788742065429688
proto_pollution_detection: 471.2646007537842
proto_pollution_reconstruction: 0.028371810913085938
