graph: 734.680209
import: 952
injection_detection: 89.41960334777832
injection_reconstruction: 0.012636184692382812
proto_pollution_detection: 797.7230548858643
proto_pollution_reconstruction: 0.017404556274414062
