graph: 735.487709
import: 818
injection_detection: 101.64642333984375
injection_reconstruction: 0.02193450927734375
proto_pollution_detection: 773.0741500854492
proto_pollution_reconstruction: 0.020503997802734375
