graph: 179.72275
import: 809
injection_detection: 1197.819709777832
injection_reconstruction: 0.022411346435546875
proto_pollution_detection: 428.52187156677246
proto_pollution_reconstruction: 0.022172927856445312
