graph: 846.320625
import: 952
injection_detection: 111.65523529052734
injection_reconstruction: 0.018835067749023438
proto_pollution_detection: 865.43869972229
proto_pollution_reconstruction: 0.025033950805664062
