graph: 813.472708
import: 974
injection_detection: 122.01118469238281
injection_reconstruction: 0.017881393432617188
proto_pollution_detection: 557.4896335601807
proto_pollution_reconstruction: 0.024557113647460938
