graph: 231.213583
import: 1042
injection_detection: 1337.6712799072266
injection_reconstruction: 0.016689300537109375
proto_pollution_detection: 658.6101055145264
proto_pollution_reconstruction: 0.03266334533691406
