graph: 365.28975
import: 706
injection_detection: 121.44923210144043
injection_reconstruction: 5272.080183029175
proto_pollution_detection: 346.707820892334
proto_pollution_reconstruction: 0.029087066650390625
