graph: 343.894875
import: 640
injection_detection: 111.86051368713379
injection_reconstruction: 5141.056537628174
proto_pollution_detection: 314.3763542175293
proto_pollution_reconstruction: 0.017881393432617188
