graph: 335.616208
import: 740
injection_detection: 107.49602317810059
injection_reconstruction: 4768.047571182251
proto_pollution_detection: 312.37173080444336
proto_pollution_reconstruction: 0.020265579223632812
