graph: 410.901875
import: 743
injection_detection: 109.25579071044922
injection_reconstruction: 5372.838973999023
proto_pollution_detection: 297.4209785461426
proto_pollution_reconstruction: 0.020742416381835938
