graph: 3437.7638
import: 1358
injection_detection: 483.687162399292
injection_reconstruction: 7625.387668609619
proto_pollution_detection: 529.3910503387451
proto_pollution_reconstruction: 0.031232833862304688
