graph: 2875.280984
import: 1414
injection_detection: 234.05814170837402
injection_reconstruction: 240.95463752746582
proto_pollution_detection: 1341.3386344909668
proto_pollution_reconstruction: 0.03409385681152344
