graph: 114.642458
import: 750
injection_detection: 1593.2667255401611
injection_reconstruction: 0.03337860107421875
proto_pollution_detection: 560.9700679779053
proto_pollution_reconstruction: 0.03743171691894531
