graph: 376.054876
import: 683
injection_detection: 107.54966735839844
injection_reconstruction: 0.02002716064453125
proto_pollution_detection: 941.3983821868896
proto_pollution_reconstruction: 0.025510787963867188
