graph: 100.12575
import: 693
injection_detection: 1370.511531829834
injection_reconstruction: 0.0171661376953125
proto_pollution_detection: 477.6575565338135
proto_pollution_reconstruction: 0.024318695068359375
