graph: 397.680334
import: 648
injection_detection: 106.51111602783203
injection_reconstruction: 0.04506111145019531
proto_pollution_detection: 1238.4796142578125
proto_pollution_reconstruction: 0.08058547973632812
