graph: 364.407625
import: 707
injection_detection: 118.18361282348633
injection_reconstruction: 0.026702880859375
proto_pollution_detection: 542.4668788909912
proto_pollution_reconstruction: 0.026702880859375
