graph: 146.134958
import: 834
injection_detection: 1426.9940853118896
injection_reconstruction: 0.028371810913085938
proto_pollution_detection: 509.04154777526855
proto_pollution_reconstruction: 0.034809112548828125
