graph: 107.506709
import: 823
injection_detection: 1251.7375946044922
injection_reconstruction: 0.023365020751953125
proto_pollution_detection: 456.620454788208
proto_pollution_reconstruction: 0.029325485229492188
