graph: 2835.017392
import: 1284
injection_detection: 445.7230567932129
injection_reconstruction: 449.34749603271484
proto_pollution_detection: 1683.4185123443604
proto_pollution_reconstruction: 0.0362396240234375
