graph: 2806.452617
import: 1478
injection_detection: 566.382884979248
injection_reconstruction: 365.56148529052734
proto_pollution_detection: 1858.0756187438965
proto_pollution_reconstruction: 0.041484832763671875
