graph: 129.427229
import: 1421
injection_detection: 2178.607940673828
proto_pollution_detection: 778.4276008605957
