graph: 512.322084
import: 673
injection_detection: 105.78250885009766
injection_reconstruction: 0.027894973754882812
proto_pollution_detection: 1266.650676727295
proto_pollution_reconstruction: 4526.070594787598
