graph: 507.457375
import: 685
injection_detection: 113.29507827758789
injection_reconstruction: 0.0171661376953125
proto_pollution_detection: 1413.1572246551514
proto_pollution_reconstruction: 4103.15465927124
