graph: 531.82475
import: 754
injection_detection: 125.34403800964355
injection_reconstruction: 0.017404556274414062
proto_pollution_detection: 1503.3385753631592
proto_pollution_reconstruction: 4858.819246292114
