graph: 137.394583
import: 727
injection_detection: 1523.3502388000488
injection_reconstruction: 0.020742416381835938
proto_pollution_detection: 1095.719337463379
proto_pollution_reconstruction: 5615.192174911499
