graph: 518.7975
import: 707
injection_detection: 121.3376522064209
injection_reconstruction: 0.031232833862304688
proto_pollution_detection: 1094.4030284881592
proto_pollution_reconstruction: 4488.787889480591
