graph: 143.237208
import: 879
injection_detection: 1362.3168468475342
injection_reconstruction: 0.020742416381835938
proto_pollution_detection: 1168.3132648468018
proto_pollution_reconstruction: 6376.77788734436
