graph: 143.023833
import: 817
injection_detection: 1321.3732242584229
injection_reconstruction: 0.022649765014648438
proto_pollution_detection: 1086.1339569091797
proto_pollution_reconstruction: 5331.986904144287
