graph: 2865.364856
import: 1547
injection_detection: 462.2664451599121
injection_reconstruction: 511.71135902404785
proto_pollution_detection: 1848.6788272857666
proto_pollution_reconstruction: 0.04076957702636719
