graph: 2927.591824
import: 1287
injection_detection: 208.07647705078125
injection_reconstruction: 8590.56568145752
proto_pollution_detection: 527.5235176086426
proto_pollution_reconstruction: 0.031232833862304688
