graph: 2979.913466
import: 1616
injection_detection: 259.65046882629395
injection_reconstruction: 12858.155965805054
proto_pollution_detection: 1039.0572547912598
proto_pollution_reconstruction: 0.03457069396972656
