graph: 1795.246042
import: 1039
injection_detection: 117.24138259887695
injection_reconstruction: 3629.943609237671
proto_pollution_detection: 365.00096321105957
proto_pollution_reconstruction: 0.021219253540039062
