graph: 1643.220709
import: 907
injection_detection: 87.36658096313477
injection_reconstruction: 2727.320432662964
proto_pollution_detection: 397.7797031402588
proto_pollution_reconstruction: 0.027179718017578125
