graph: 1728.24046
import: 1087
injection_detection: 251.49083137512207
injection_reconstruction: 3912.9202365875244
proto_pollution_detection: 470.3817367553711
proto_pollution_reconstruction: 0.0209808349609375
