graph: 482.786291
import: 692
injection_detection: 147.38106727600098
injection_reconstruction: 8463.003396987915
proto_pollution_detection: 324.3882656097412
proto_pollution_reconstruction: 0.017881393432617188
