graph: 433.716834
import: 631
injection_detection: 109.16590690612793
injection_reconstruction: 7240.175485610962
proto_pollution_detection: 357.69152641296387
proto_pollution_reconstruction: 0.025272369384765625
