graph: 195.600176
import: 1258
injection_detection: 1929.5270442962646
proto_pollution_detection: 574.5358467102051
