graph: 537.701959
import: 839
injection_detection: 129.74071502685547
injection_reconstruction: 8652.683973312378
proto_pollution_detection: 397.3362445831299
proto_pollution_reconstruction: 0.027418136596679688
