graph: 488.079875
import: 706
injection_detection: 163.19847106933594
injection_reconstruction: 7919.71492767334
proto_pollution_detection: 297.28031158447266
proto_pollution_reconstruction: 0.016689300537109375
