graph: 986.13375
import: 1051
injection_detection: 1365.2453422546387
injection_reconstruction: 0.019073486328125
proto_pollution_detection: 988.4462356567383
proto_pollution_reconstruction: 0.04744529724121094
