graph: 1759.154209
import: 944
injection_detection: 100.27027130126953
injection_reconstruction: 0.013828277587890625
proto_pollution_detection: 717.7469730377197
proto_pollution_reconstruction: 0.019073486328125
