graph: 1840.652334
import: 927
injection_detection: 83.32276344299316
injection_reconstruction: 0.019311904907226562
proto_pollution_detection: 711.5828990936279
proto_pollution_reconstruction: 0.036716461181640625
