graph: 1086.151251
import: 1302
injection_detection: 1421.600103378296
injection_reconstruction: 0.02574920654296875
proto_pollution_detection: 599.5924472808838
proto_pollution_reconstruction: 0.024318695068359375
