graph: 953.263793
import: 1157
injection_detection: 1102.3337841033936
injection_reconstruction: 0.04363059997558594
proto_pollution_detection: 411.3743305206299
proto_pollution_reconstruction: 0.01621246337890625
