graph: 2280.551292
import: 1012
injection_detection: 128.5560131072998
injection_reconstruction: 0.017881393432617188
proto_pollution_detection: 665.3177738189697
proto_pollution_reconstruction: 0.027894973754882812
