graph: 930.954501
import: 1110
injection_detection: 1274.2209434509277
injection_reconstruction: 0.028133392333984375
proto_pollution_detection: 501.0533332824707
proto_pollution_reconstruction: 0.026941299438476562
