graph: 1895.774792
import: 981
injection_detection: 133.36658477783203
injection_reconstruction: 0.01811981201171875
proto_pollution_detection: 756.4098834991455
proto_pollution_reconstruction: 0.024080276489257812
