graph: 1113.478084
import: 1349
injection_detection: 1534.9657535552979
injection_reconstruction: 0.028133392333984375
proto_pollution_detection: 552.4599552154541
proto_pollution_reconstruction: 0.032901763916015625
