graph: 81.589375
import: 639
injection_detection: 1082.0152759552002
injection_reconstruction: 3201.900005340576
proto_pollution_detection: 107.84029960632324
proto_pollution_reconstruction: 0.019550323486328125
