graph: 345.227708
import: 585
injection_detection: 200.38437843322754
injection_reconstruction: 5980.758190155029
proto_pollution_detection: 312.6049041748047
proto_pollution_reconstruction: 0.0171661376953125
