graph: 95.090209
import: 599
injection_detection: 1190.7069683074951
injection_reconstruction: 3081.5811157226562
proto_pollution_detection: 162.86921501159668
proto_pollution_reconstruction: 0.0209808349609375
