graph: 286.49875
import: 583
injection_detection: 111.03272438049316
injection_reconstruction: 5343.5328006744385
proto_pollution_detection: 358.3343029022217
proto_pollution_reconstruction: 0.0152587890625
