graph: 85.517375
import: 665
injection_detection: 1156.759262084961
injection_reconstruction: 2604.504346847534
proto_pollution_detection: 160.2036952972412
proto_pollution_reconstruction: 0.02574920654296875
