graph: 399.244
import: 752
injection_detection: 219.03252601623535
injection_reconstruction: 3459.6142768859863
proto_pollution_detection: 480.9911251068115
proto_pollution_reconstruction: 0.019311904907226562
