graph: 183.517709
import: 738
injection_detection: 1394.4716453552246
injection_reconstruction: 6875.469446182251
proto_pollution_detection: 135.39719581604004
proto_pollution_reconstruction: 0.02002716064453125
