graph: 2881.238909
import: 1416
injection_detection: 327.18777656555176
injection_reconstruction: 14106.415271759033
proto_pollution_detection: 751.7578601837158
proto_pollution_reconstruction: 0.03910064697265625
