graph: 375.245916
import: 600
injection_detection: 189.95928764343262
injection_reconstruction: 5763.427972793579
proto_pollution_detection: 354.7821044921875
proto_pollution_reconstruction: 0.01811981201171875
