graph: 179.99075
import: 778
injection_detection: 1390.7063007354736
injection_reconstruction: 5916.222333908081
proto_pollution_detection: 101.36008262634277
proto_pollution_reconstruction: 0.02574920654296875
