graph: 341.545166
import: 600
injection_detection: 221.04430198669434
injection_reconstruction: 3253.5319328308105
proto_pollution_detection: 424.4363307952881
proto_pollution_reconstruction: 0.019073486328125
