graph: 312.905875
import: 644
injection_detection: 95.89219093322754
injection_reconstruction: 1253.244161605835
proto_pollution_detection: 457.66353607177734
proto_pollution_reconstruction: 0.021696090698242188
