graph: 90.385875
import: 646
injection_detection: 1514.2455101013184
injection_reconstruction: 2820.207357406616
proto_pollution_detection: 171.52166366577148
proto_pollution_reconstruction: 0.01811981201171875
