graph: 303.323625
import: 689
injection_detection: 91.01176261901855
injection_reconstruction: 897.8390693664551
proto_pollution_detection: 350.261926651001
proto_pollution_reconstruction: 0.018596649169921875
