graph: 243.624375
import: 753
injection_detection: 1368.6707019805908
injection_reconstruction: 1650.1154899597168
proto_pollution_detection: 179.39138412475586
proto_pollution_reconstruction: 0.021696090698242188
