graph: 266.732792
import: 730
injection_detection: 1381.6580772399902
injection_reconstruction: 1773.9269733428955
proto_pollution_detection: 187.66188621520996
proto_pollution_reconstruction: 0.029087066650390625
