graph: 325.060042
import: 630
injection_detection: 99.93410110473633
injection_reconstruction: 1325.5059719085693
proto_pollution_detection: 471.73357009887695
proto_pollution_reconstruction: 0.02288818359375
