graph: 87.883125
import: 676
injection_detection: 1163.9907360076904
injection_reconstruction: 1424.6692657470703
proto_pollution_detection: 159.47461128234863
proto_pollution_reconstruction: 0.0209808349609375
