graph: 344.542084
import: 687
injection_detection: 102.13136672973633
injection_reconstruction: 1264.5454406738281
proto_pollution_detection: 512.1932029724121
proto_pollution_reconstruction: 0.015735626220703125
