graph: 370.833001
import: 622
injection_detection: 97.55635261535645
injection_reconstruction: 1271.2178230285645
proto_pollution_detection: 445.9953308105469
proto_pollution_reconstruction: 0.021696090698242188
