graph: 175.243923
import: 1239
injection_detection: 2298.5339164733887
proto_pollution_detection: 1466.550588607788
