graph: 201.9
import: 926
injection_detection: 1556.4038753509521
injection_reconstruction: 0.025272369384765625
proto_pollution_detection: 1446.3088512420654
proto_pollution_reconstruction: 4307.908058166504
