graph: 196.005249
import: 1042
injection_detection: 2310.112953186035
proto_pollution_detection: 1487.7598285675049
