graph: 371.121334
import: 628
injection_detection: 84.93852615356445
injection_reconstruction: 0.0171661376953125
proto_pollution_detection: 917.670726776123
proto_pollution_reconstruction: 3753.241539001465
