graph: 402.612792
import: 878
injection_detection: 106.96935653686523
injection_reconstruction: 0.01621246337890625
proto_pollution_detection: 1079.2694091796875
proto_pollution_reconstruction: 3454.827070236206
