graph: 161.39175
import: 832
injection_detection: 1434.0870380401611
injection_reconstruction: 0.018835067749023438
proto_pollution_detection: 928.4398555755615
proto_pollution_reconstruction: 3468.8961505889893
