graph: 133.645042
import: 1457
injection_detection: 1054.748296737671
injection_reconstruction: 0.016927719116210938
proto_pollution_detection: 838.798999786377
proto_pollution_reconstruction: 3621.2339401245117
