graph: 362.962334
import: 596
injection_detection: 119.8735237121582
injection_reconstruction: 0.026464462280273438
proto_pollution_detection: 635.6368064880371
proto_pollution_reconstruction: 3433.4826469421387
