graph: 2975.673701
import: 1286
injection_detection: 459.7735404968262
injection_reconstruction: 12427.778959274292
proto_pollution_detection: 965.6486511230469
proto_pollution_reconstruction: 0.03337860107421875
