graph: 2970.310666
import: 1389
injection_detection: 455.1212787628174
injection_reconstruction: 8433.155536651611
proto_pollution_detection: 1239.7735118865967
proto_pollution_reconstruction: 0.03600120544433594
