graph: 139.121333
import: 1340
injection_detection: 2216.095447540283
proto_pollution_detection: 540.5797958374023
