graph: 363.999333
import: 747
injection_detection: 226.50647163391113
injection_reconstruction: 4597.042083740234
proto_pollution_detection: 342.27609634399414
proto_pollution_reconstruction: 0.02288818359375
