graph: 2831.893763
import: 1296
injection_detection: 551.1605739593506
injection_reconstruction: 12458.669185638428
proto_pollution_detection: 482.2380542755127
proto_pollution_reconstruction: 0.022172927856445312
