graph: 272.2075
import: 562
injection_detection: 99.90477561950684
injection_reconstruction: 4005.7387351989746
proto_pollution_detection: 336.1194133758545
proto_pollution_reconstruction: 0.019311904907226562
