graph: 396.733667
import: 619
injection_detection: 207.794189453125
injection_reconstruction: 4419.578552246094
proto_pollution_detection: 320.10817527770996
proto_pollution_reconstruction: 0.02288818359375
