graph: 191.398667
import: 685
injection_detection: 1214.2398357391357
injection_reconstruction: 3844.6428775787354
proto_pollution_detection: 90.09718894958496
proto_pollution_reconstruction: 0.02384185791015625
