graph: 287.498875
import: 597
injection_detection: 199.19562339782715
injection_reconstruction: 4604.196071624756
proto_pollution_detection: 326.57313346862793
proto_pollution_reconstruction: 0.017881393432617188
