graph: 2845.987803
import: 1271
injection_detection: 452.0421028137207
injection_reconstruction: 382.13181495666504
proto_pollution_detection: 2208.6243629455566
proto_pollution_reconstruction: 0.04935264587402344
