graph: 100.677552
import: 1284
injection_detection: 1977.6787757873535
proto_pollution_detection: 576.2345790863037
