graph: 153.585338
import: 1433
injection_detection: 2304.598808288574
proto_pollution_detection: 908.1733226776123
