graph: 2838.002762
import: 1302
injection_detection: 370.3289031982422
injection_reconstruction: 392.14158058166504
proto_pollution_detection: 1573.8930702209473
proto_pollution_reconstruction: 0.03647804260253906
