graph: 436.767375
import: 665
injection_detection: 248.13127517700195
injection_reconstruction: 2317.591428756714
proto_pollution_detection: 518.5546875
proto_pollution_reconstruction: 0.019311904907226562
