graph: 420.383333
import: 707
injection_detection: 252.35915184020996
injection_reconstruction: 2204.0820121765137
proto_pollution_detection: 527.0733833312988
proto_pollution_reconstruction: 0.01811981201171875
