graph: 397.620291
import: 608
injection_detection: 117.56324768066406
injection_reconstruction: 1597.2042083740234
proto_pollution_detection: 452.43072509765625
proto_pollution_reconstruction: 0.016927719116210938
