graph: 500.463
import: 686
injection_detection: 193.373441696167
injection_reconstruction: 1929.8806190490723
proto_pollution_detection: 462.70227432250977
proto_pollution_reconstruction: 0.016450881958007812
