graph: 610.416459
import: 836
injection_detection: 97.92470932006836
injection_reconstruction: 0.022649765014648438
proto_pollution_detection: 1108.5736751556396
proto_pollution_reconstruction: 1810.5897903442383
