graph: 561.190083
import: 641
injection_detection: 100.73184967041016
injection_reconstruction: 0.026464462280273438
proto_pollution_detection: 835.2606296539307
proto_pollution_reconstruction: 1706.5677642822266
