graph: 196.199
import: 795
injection_detection: 1300.6343841552734
injection_reconstruction: 0.03409385681152344
proto_pollution_detection: 1232.5794696807861
proto_pollution_reconstruction: 5540.730714797974
