graph: 520.015
import: 872
injection_detection: 129.94790077209473
injection_reconstruction: 0.07271766662597656
proto_pollution_detection: 937.9901885986328
proto_pollution_reconstruction: 3598.7653732299805
