graph: 209.958166
import: 874
injection_detection: 1289.14475440979
injection_reconstruction: 0.019788742065429688
proto_pollution_detection: 1006.1943531036377
proto_pollution_reconstruction: 3661.19647026062
