graph: 2928.8178
import: 2301
injection_detection: 178.7128448486328
injection_reconstruction: 0.03838539123535156
proto_pollution_detection: 2555.9170246124268
proto_pollution_reconstruction: 11727.600574493408
