graph: 443.302
import: 649
injection_detection: 90.88277816772461
injection_reconstruction: 0.019550323486328125
proto_pollution_detection: 616.8301105499268
proto_pollution_reconstruction: 3349.703311920166
