graph: 254.42225
import: 1088
injection_detection: 1876.8420219421387
injection_reconstruction: 0.062465667724609375
proto_pollution_detection: 1124.863624572754
proto_pollution_reconstruction: 3439.7706985473633
