graph: 314.031966
import: 1636
injection_detection: 2045.6740856170654
proto_pollution_detection: 1877.4235248565674
