graph: 505.218751
import: 751
injection_detection: 76.12323760986328
injection_reconstruction: 0.016927719116210938
proto_pollution_detection: 1014.2359733581543
proto_pollution_reconstruction: 3585.0398540496826
