graph: 479.329834
import: 724
injection_detection: 77.39043235778809
injection_reconstruction: 0.015020370483398438
proto_pollution_detection: 1003.9803981781006
proto_pollution_reconstruction: 3651.6032218933105
