graph: 437.362834
import: 663
injection_detection: 181.49304389953613
injection_reconstruction: 1344.3341255187988
proto_pollution_detection: 485.3243827819824
proto_pollution_reconstruction: 0.019788742065429688
