graph: 79.98
import: 627
injection_detection: 1112.34712600708
injection_reconstruction: 2011.775016784668
proto_pollution_detection: 133.58163833618164
proto_pollution_reconstruction: 0.026226043701171875
