graph: 112.909708
import: 882
injection_detection: 1359.6985340118408
injection_reconstruction: 2143.298387527466
proto_pollution_detection: 148.0240821838379
proto_pollution_reconstruction: 0.019788742065429688
