graph: 378.477291
import: 555
injection_detection: 103.99246215820312
injection_reconstruction: 944.9615478515625
proto_pollution_detection: 380.28526306152344
proto_pollution_reconstruction: 0.02002716064453125
