graph: 101.613417
import: 700
injection_detection: 1334.0222835540771
injection_reconstruction: 2104.9351692199707
proto_pollution_detection: 147.85528182983398
proto_pollution_reconstruction: 0.02193450927734375
