graph: 115.236833
import: 711
injection_detection: 1347.1667766571045
injection_reconstruction: 2190.6237602233887
proto_pollution_detection: 161.3476276397705
proto_pollution_reconstruction: 0.020265579223632812
