graph: 662.026375
import: 697
injection_detection: 269.6337699890137
injection_reconstruction: 1890.0835514068604
proto_pollution_detection: 518.775463104248
proto_pollution_reconstruction: 0.04696846008300781
