graph: 533.014958
import: 747
injection_detection: 236.30356788635254
injection_reconstruction: 1414.9396419525146
proto_pollution_detection: 472.63240814208984
proto_pollution_reconstruction: 0.017642974853515625
