graph: 463.613084
import: 690
injection_detection: 238.34776878356934
injection_reconstruction: 1527.1453857421875
proto_pollution_detection: 526.881217956543
proto_pollution_reconstruction: 0.015497207641601562
