graph: 132.839459
import: 730
injection_detection: 1163.0804538726807
injection_reconstruction: 2148.468255996704
proto_pollution_detection: 150.85339546203613
proto_pollution_reconstruction: 0.030755996704101562
