graph: 2879.863085
import: 1433
injection_detection: 265.66386222839355
injection_reconstruction: 3559.856414794922
proto_pollution_detection: 1149.6491432189941
proto_pollution_reconstruction: 0.04124641418457031
