graph: 324.042458
import: 1160
injection_detection: 1400.5115032196045
injection_reconstruction: 2580.3494453430176
proto_pollution_detection: 165.45891761779785
proto_pollution_reconstruction: 0.019550323486328125
