graph: 291.729667
import: 587
injection_detection: 130.77974319458008
injection_reconstruction: 1594.5672988891602
proto_pollution_detection: 355.6694984436035
proto_pollution_reconstruction: 0.018835067749023438
