graph: 431.261666
import: 679
injection_detection: 105.05843162536621
injection_reconstruction: 2028.4037590026855
proto_pollution_detection: 479.21228408813477
proto_pollution_reconstruction: 0.019788742065429688
