graph: 307.253625
import: 988
injection_detection: 1433.8397979736328
injection_reconstruction: 2728.689432144165
proto_pollution_detection: 171.16737365722656
proto_pollution_reconstruction: 0.024318695068359375
