graph: 115.531167
import: 733
injection_detection: 1456.8307399749756
injection_reconstruction: 2307.317018508911
proto_pollution_detection: 143.91469955444336
proto_pollution_reconstruction: 0.018358230590820312
