graph: 314.628583
import: 611
injection_detection: 112.06436157226562
injection_reconstruction: 2010.1687908172607
proto_pollution_detection: 469.97690200805664
proto_pollution_reconstruction: 0.017881393432617188
