graph: 410.273875
import: 843
injection_detection: 117.74468421936035
injection_reconstruction: 2474.5943546295166
proto_pollution_detection: 479.80642318725586
proto_pollution_reconstruction: 0.022649765014648438
