graph: 341.170459
import: 669
injection_detection: 111.07420921325684
injection_reconstruction: 1894.1564559936523
proto_pollution_detection: 438.3237361907959
proto_pollution_reconstruction: 0.016927719116210938
