graph: 113.021166
import: 679
injection_detection: 1113.8191223144531
injection_reconstruction: 2724.897623062134
proto_pollution_detection: 166.22662544250488
proto_pollution_reconstruction: 0.015020370483398438
