graph: 703.768125
import: 896
injection_detection: 1332.8595161437988
injection_reconstruction: 3387.845754623413
proto_pollution_detection: 194.5211887359619
proto_pollution_reconstruction: 0.021219253540039062
