graph: 377.863458
import: 645
injection_detection: 187.64591217041016
injection_reconstruction: 4197.97682762146
proto_pollution_detection: 353.792667388916
proto_pollution_reconstruction: 0.016927719116210938
