graph: 355.073333
import: 586
injection_detection: 109.64059829711914
injection_reconstruction: 3599.039316177368
proto_pollution_detection: 331.2675952911377
proto_pollution_reconstruction: 0.015497207641601562
