graph: 119.926209
import: 729
injection_detection: 1173.4278202056885
injection_reconstruction: 2624.7007846832275
proto_pollution_detection: 163.2852554321289
proto_pollution_reconstruction: 0.021696090698242188
