graph: 360.033792
import: 642
injection_detection: 181.3342571258545
injection_reconstruction: 3096.931219100952
proto_pollution_detection: 403.31387519836426
proto_pollution_reconstruction: 0.014543533325195312
