graph: 712.182292
import: 793
injection_detection: 1372.0548152923584
injection_reconstruction: 3632.336139678955
proto_pollution_detection: 123.86298179626465
proto_pollution_reconstruction: 0.021457672119140625
