graph: 479.604458
import: 660
injection_detection: 202.3942470550537
injection_reconstruction: 3193.101644515991
proto_pollution_detection: 397.4483013153076
proto_pollution_reconstruction: 0.016689300537109375
