graph: 387.244209
import: 771
injection_detection: 215.52515029907227
injection_reconstruction: 4505.036354064941
proto_pollution_detection: 415.14110565185547
proto_pollution_reconstruction: 0.01621246337890625
