graph: 2834.135102
import: 1455
injection_detection: 417.65451431274414
injection_reconstruction: 430.26161193847656
proto_pollution_detection: 1641.3118839263916
proto_pollution_reconstruction: 0.03457069396972656
