graph: 145.675893
import: 1274
injection_detection: 2050.614595413208
proto_pollution_detection: 602.5850772857666
