graph: 2854.166335
import: 1332
injection_detection: 440.65213203430176
injection_reconstruction: 363.5568618774414
proto_pollution_detection: 1506.5326690673828
proto_pollution_reconstruction: 0.034809112548828125
