graph: 123.717776
import: 1457
injection_detection: 2202.476739883423
proto_pollution_detection: 743.5672283172607
