graph: 2834.797582
import: 1420
injection_detection: 475.6145477294922
injection_reconstruction: 366.3952350616455
proto_pollution_detection: 2080.882787704468
proto_pollution_reconstruction: 0.04172325134277344
