graph: 401.925715
import: 2081
injection_detection: 2427.2170066833496
proto_pollution_detection: 902.9150009155273
