graph: 667.308209
import: 832
injection_detection: 149.84655380249023
injection_reconstruction: 4400.169610977173
proto_pollution_detection: 368.5171604156494
proto_pollution_reconstruction: 0.024557113647460938
