graph: 731.1735
import: 841
injection_detection: 139.54687118530273
injection_reconstruction: 5109.517574310303
proto_pollution_detection: 330.0325870513916
proto_pollution_reconstruction: 0.0171661376953125
