graph: 776.776917
import: 1070
injection_detection: 156.71443939208984
injection_reconstruction: 5652.225971221924
proto_pollution_detection: 343.16110610961914
proto_pollution_reconstruction: 0.01811981201171875
