graph: 804.611959
import: 748
injection_detection: 217.45038032531738
injection_reconstruction: 5001.265048980713
proto_pollution_detection: 348.1731414794922
proto_pollution_reconstruction: 0.026941299438476562
