graph: 821.042667
import: 779
injection_detection: 218.61743927001953
injection_reconstruction: 5959.26570892334
proto_pollution_detection: 338.41991424560547
proto_pollution_reconstruction: 0.018596649169921875
