graph: 442.368625
import: 704
injection_detection: 201.22599601745605
injection_reconstruction: 1366.3663864135742
proto_pollution_detection: 530.5373668670654
proto_pollution_reconstruction: 0.01811981201171875
