graph: 405.386042
import: 617
injection_detection: 218.4433937072754
injection_reconstruction: 1513.711929321289
proto_pollution_detection: 668.4749126434326
proto_pollution_reconstruction: 0.036716461181640625
