graph: 360.016667
import: 557
injection_detection: 103.76405715942383
injection_reconstruction: 969.6478843688965
proto_pollution_detection: 444.4310665130615
proto_pollution_reconstruction: 0.018835067749023438
