graph: 408.788167
import: 577
injection_detection: 208.44244956970215
injection_reconstruction: 1417.7308082580566
proto_pollution_detection: 480.8220863342285
proto_pollution_reconstruction: 0.019788742065429688
