graph: 84.073959
import: 651
injection_detection: 1173.2420921325684
injection_reconstruction: 0.027894973754882812
proto_pollution_detection: 465.47460556030273
proto_pollution_reconstruction: 0.016927719116210938
