graph: 415.99725
import: 571
injection_detection: 177.91223526000977
injection_reconstruction: 0.021457672119140625
proto_pollution_detection: 822.0391273498535
proto_pollution_reconstruction: 0.018835067749023438
