graph: 357.187875
import: 587
injection_detection: 104.95543479919434
injection_reconstruction: 0.019550323486328125
proto_pollution_detection: 506.3924789428711
proto_pollution_reconstruction: 0.0324249267578125
