graph: 456.361751
import: 659
injection_detection: 189.4669532775879
injection_reconstruction: 0.024557113647460938
proto_pollution_detection: 862.0293140411377
proto_pollution_reconstruction: 0.02002716064453125
