graph: 101.405
import: 713
injection_detection: 1368.694543838501
injection_reconstruction: 0.05269050598144531
proto_pollution_detection: 405.5025577545166
proto_pollution_reconstruction: 0.018358230590820312
