graph: 433.192041
import: 662
injection_detection: 238.39712142944336
injection_reconstruction: 0.01621246337890625
proto_pollution_detection: 784.0425968170166
proto_pollution_reconstruction: 0.018596649169921875
