graph: 903.518418
import: 686
injection_detection: 149.22332763671875
injection_reconstruction: 0.02002716064453125
proto_pollution_detection: 1701.3044357299805
proto_pollution_reconstruction: 5174.036979675293
