graph: 426.703541
import: 720
injection_detection: 101.13930702209473
injection_reconstruction: 0.019550323486328125
proto_pollution_detection: 1098.6974239349365
proto_pollution_reconstruction: 4642.681837081909
