graph: 98.915583
import: 759
injection_detection: 1413.5708808898926
injection_reconstruction: 0.051975250244140625
proto_pollution_detection: 1117.3226833343506
proto_pollution_reconstruction: 8223.832368850708
