graph: 495.806375
import: 726
injection_detection: 103.64818572998047
injection_reconstruction: 0.018596649169921875
proto_pollution_detection: 1160.0146293640137
proto_pollution_reconstruction: 4842.739582061768
