graph: 123.790916
import: 785
injection_detection: 1392.2882080078125
injection_reconstruction: 0.019550323486328125
proto_pollution_detection: 1076.7290592193604
proto_pollution_reconstruction: 7052.042007446289
