graph: 401.976792
import: 601
injection_detection: 136.38901710510254
injection_reconstruction: 0.014781951904296875
proto_pollution_detection: 827.8028964996338
proto_pollution_reconstruction: 4489.678859710693
