graph: 509.972709
import: 699
injection_detection: 188.22741508483887
injection_reconstruction: 1848.2391834259033
proto_pollution_detection: 430.3569793701172
proto_pollution_reconstruction: 0.018358230590820312
