graph: 481.145708
import: 756
injection_detection: 198.95267486572266
injection_reconstruction: 1897.2814083099365
proto_pollution_detection: 467.3042297363281
proto_pollution_reconstruction: 0.017642974853515625
