graph: 144.562333
import: 737
injection_detection: 1322.3977088928223
injection_reconstruction: 2303.586006164551
proto_pollution_detection: 150.36416053771973
proto_pollution_reconstruction: 0.025272369384765625
