graph: 532.588958
import: 696
injection_detection: 193.07184219360352
injection_reconstruction: 1671.6954708099365
proto_pollution_detection: 468.3518409729004
proto_pollution_reconstruction: 0.019073486328125
