graph: 3553.137997
import: 2249
injection_detection: 381.28161430358887
injection_reconstruction: 24384.30690765381
proto_pollution_detection: 758.7325572967529
proto_pollution_reconstruction: 0.03933906555175781
