graph: 3033.565597
import: 2429
injection_detection: 396.79646492004395
injection_reconstruction: 18359.983205795288
proto_pollution_detection: 973.3381271362305
proto_pollution_reconstruction: 0.040531158447265625
