graph: 634.046917
import: 713
injection_detection: 270.7490921020508
injection_reconstruction: 7832.981109619141
proto_pollution_detection: 442.7626132965088
proto_pollution_reconstruction: 0.03886222839355469
