graph: 2822.857755
import: 1457
injection_detection: 269.2294120788574
injection_reconstruction: 232.27334022521973
proto_pollution_detection: 1498.1269836425781
proto_pollution_reconstruction: 0.034809112548828125
