graph: 700.284458
import: 693
injection_detection: 163.62428665161133
injection_reconstruction: 5860.915422439575
proto_pollution_detection: 318.392276763916
proto_pollution_reconstruction: 0.06651878356933594
