graph: 751.630417
import: 886
injection_detection: 107.98096656799316
injection_reconstruction: 6377.289295196533
proto_pollution_detection: 409.6238613128662
proto_pollution_reconstruction: 0.03266334533691406
