graph: 302.058767
import: 1714
injection_detection: 2165.609359741211
proto_pollution_detection: 729.9609184265137
