graph: 868.850292
import: 1017
injection_detection: 187.8030300140381
injection_reconstruction: 7274.789333343506
proto_pollution_detection: 420.0098514556885
proto_pollution_reconstruction: 0.05269050598144531
