graph: 707.586709
import: 707
injection_detection: 114.89200592041016
injection_reconstruction: 6367.690086364746
proto_pollution_detection: 289.05797004699707
proto_pollution_reconstruction: 0.018835067749023438
