graph: 240.999542
import: 1176
injection_detection: 1513.9565467834473
injection_reconstruction: 13451.796293258667
proto_pollution_detection: 85.32214164733887
proto_pollution_reconstruction: 0.023126602172851562
