graph: 694.740251
import: 724
injection_detection: 117.12098121643066
injection_reconstruction: 4722.784042358398
proto_pollution_detection: 309.42559242248535
proto_pollution_reconstruction: 0.020265579223632812
