graph: 651.348417
import: 877
injection_detection: 112.07246780395508
injection_reconstruction: 5689.104080200195
proto_pollution_detection: 345.9455966949463
proto_pollution_reconstruction: 0.020265579223632812
