graph: 905.769334
import: 758
injection_detection: 174.14379119873047
injection_reconstruction: 7839.532375335693
proto_pollution_detection: 534.1167449951172
proto_pollution_reconstruction: 0.025510787963867188
