graph: 202.643417
import: 918
injection_detection: 1449.6755599975586
injection_reconstruction: 6904.694557189941
proto_pollution_detection: 112.9758358001709
proto_pollution_reconstruction: 0.02193450927734375
