graph: 107.261917
import: 641
injection_detection: 1182.8639507293701
injection_reconstruction: 7308.066844940186
proto_pollution_detection: 87.72921562194824
proto_pollution_reconstruction: 0.0171661376953125
