graph: 552.164041
import: 759
injection_detection: 275.10786056518555
injection_reconstruction: 3287.7395153045654
proto_pollution_detection: 362.9937171936035
proto_pollution_reconstruction: 0.016689300537109375
