graph: 526.314709
import: 646
injection_detection: 216.46666526794434
injection_reconstruction: 7920.121431350708
proto_pollution_detection: 351.90868377685547
proto_pollution_reconstruction: 0.016927719116210938
