graph: 129.4105
import: 696
injection_detection: 1181.8463802337646
injection_reconstruction: 3809.9329471588135
proto_pollution_detection: 123.52275848388672
proto_pollution_reconstruction: 0.022649765014648438
