graph: 537.273542
import: 696
injection_detection: 241.73712730407715
injection_reconstruction: 8387.463331222534
proto_pollution_detection: 412.4634265899658
proto_pollution_reconstruction: 0.017642974853515625
