graph: 567.032
import: 713
injection_detection: 236.8927001953125
injection_reconstruction: 3675.7125854492188
proto_pollution_detection: 437.70408630371094
proto_pollution_reconstruction: 0.016450881958007812
