graph: 2659.334001
import: 819
injection_detection: 1381.6566467285156
injection_reconstruction: 8373.709201812744
proto_pollution_detection: 130.63812255859375
proto_pollution_reconstruction: 0.020265579223632812
