graph: 437.092708
import: 592
injection_detection: 130.4936408996582
injection_reconstruction: 7043.3478355407715
proto_pollution_detection: 364.7949695587158
proto_pollution_reconstruction: 0.018835067749023438
