graph: 2761.448918
import: 904
injection_detection: 1540.9703254699707
injection_reconstruction: 8522.542715072632
proto_pollution_detection: 101.48882865905762
proto_pollution_reconstruction: 0.023603439331054688
