graph: 500.371667
import: 629
injection_detection: 109.52138900756836
injection_reconstruction: 0.017642974853515625
proto_pollution_detection: 847.9421138763428
proto_pollution_reconstruction: 0.024318695068359375
