graph: 473.440625
import: 759
injection_detection: 100.32415390014648
injection_reconstruction: 0.022411346435546875
proto_pollution_detection: 818.4354305267334
proto_pollution_reconstruction: 0.040531158447265625
