graph: 412.982584
import: 589
injection_detection: 129.48083877563477
injection_reconstruction: 0.01811981201171875
proto_pollution_detection: 441.33663177490234
proto_pollution_reconstruction: 0.018835067749023438
