graph: 131.411375
import: 812
injection_detection: 1533.1058502197266
injection_reconstruction: 0.06651878356933594
proto_pollution_detection: 486.2213134765625
proto_pollution_reconstruction: 0.025987625122070312
