graph: 439.411209
import: 639
injection_detection: 98.85191917419434
injection_reconstruction: 0.014781951904296875
proto_pollution_detection: 712.3854160308838
proto_pollution_reconstruction: 0.017881393432617188
