graph: 3026.088957
import: 1511
injection_detection: 255.4314136505127
injection_reconstruction: 0.0400543212890625
proto_pollution_detection: 2195.2552795410156
proto_pollution_reconstruction: 0.04315376281738281
