graph: 136.907542
import: 1100
injection_detection: 1429.565668106079
injection_reconstruction: 0.016450881958007812
proto_pollution_detection: 461.77101135253906
proto_pollution_reconstruction: 0.024080276489257812
