graph: 5360.97585
import: 2581
injection_detection: 153.3975601196289
injection_reconstruction: 11455.203294754028
proto_pollution_detection: 1249.4680881500244
proto_pollution_reconstruction: 0.04792213439941406
