graph: 2162.818959
import: 987
injection_detection: 117.84672737121582
injection_reconstruction: 4103.815078735352
proto_pollution_detection: 389.32132720947266
proto_pollution_reconstruction: 0.0209808349609375
