graph: 2112.980792
import: 1190
injection_detection: 97.35655784606934
injection_reconstruction: 4402.524471282959
proto_pollution_detection: 415.7383441925049
proto_pollution_reconstruction: 0.0247955322265625
