graph: 1587.093697
import: 2257
injection_detection: 1593.630075454712
proto_pollution_detection: 523.5638618469238
