graph: 3121.846293
import: 1506
injection_detection: 165.86685180664062
injection_reconstruction: 5907.516241073608
proto_pollution_detection: 762.6214027404785
proto_pollution_reconstruction: 0.0629425048828125
