graph: 926.434334
import: 963
injection_detection: 1324.6164321899414
injection_reconstruction: 6642.558813095093
proto_pollution_detection: 135.0095272064209
proto_pollution_reconstruction: 0.021696090698242188
