graph: 2008.711501
import: 844
injection_detection: 103.91092300415039
injection_reconstruction: 3702.2347450256348
proto_pollution_detection: 366.52469635009766
proto_pollution_reconstruction: 0.028371810913085938
