graph: 1189.134251
import: 1128
injection_detection: 1980.830430984497
injection_reconstruction: 7325.623512268066
proto_pollution_detection: 156.8608283996582
proto_pollution_reconstruction: 0.020265579223632812
