graph: 595.625084
import: 859
injection_detection: 92.54264831542969
injection_reconstruction: 0.015735626220703125
proto_pollution_detection: 7194.700002670288
proto_pollution_reconstruction: 4599.127769470215
