graph: 445.82717
import: 1918
injection_detection: 2378.9987564086914
proto_pollution_detection: 2989.814043045044
