graph: 279.022458
import: 772
injection_detection: 1097.5830554962158
injection_reconstruction: 0.015497207641601562
proto_pollution_detection: 1488.5461330413818
proto_pollution_reconstruction: 8672.100067138672
