graph: 562.856917
import: 704
injection_detection: 90.20495414733887
injection_reconstruction: 0.016450881958007812
proto_pollution_detection: 5330.288410186768
proto_pollution_reconstruction: 4217.539310455322
