graph: 608.497376
import: 683
injection_detection: 76.57527923583984
injection_reconstruction: 0.015735626220703125
proto_pollution_detection: 5938.700199127197
proto_pollution_reconstruction: 4350.832223892212
