graph: 612.028876
import: 792
injection_detection: 80.77263832092285
injection_reconstruction: 0.021696090698242188
proto_pollution_detection: 5703.419208526611
proto_pollution_reconstruction: 4461.477994918823
