graph: 294.217333
import: 814
injection_detection: 1289.316177368164
injection_reconstruction: 0.025033950805664062
proto_pollution_detection: 1808.4437847137451
proto_pollution_reconstruction: 10107.89179801941
