graph: 323.573717
import: 1662
injection_detection: 2215.5449390411377
proto_pollution_detection: 2879.122734069824
