graph: 474.13425
import: 739
injection_detection: 112.18070983886719
injection_reconstruction: 1789.3054485321045
proto_pollution_detection: 481.77599906921387
proto_pollution_reconstruction: 0.017881393432617188
