graph: 194.283959
import: 730
injection_detection: 1338.4180068969727
injection_reconstruction: 2174.8969554901123
proto_pollution_detection: 155.03525733947754
proto_pollution_reconstruction: 0.018835067749023438
