graph: 206.088958
import: 845
injection_detection: 1548.7048625946045
injection_reconstruction: 2582.742214202881
proto_pollution_detection: 262.41445541381836
proto_pollution_reconstruction: 0.023365020751953125
