graph: 114.405458
import: 748
injection_detection: 1187.5989437103271
injection_reconstruction: 1994.2805767059326
proto_pollution_detection: 130.29766082763672
proto_pollution_reconstruction: 0.021696090698242188
