graph: 402.13125
import: 607
injection_detection: 108.5050106048584
injection_reconstruction: 1743.4594631195068
proto_pollution_detection: 421.2064743041992
proto_pollution_reconstruction: 0.018835067749023438
