graph: 88.121167
import: 647
injection_detection: 1133.063554763794
injection_reconstruction: 1916.0573482513428
proto_pollution_detection: 135.34879684448242
proto_pollution_reconstruction: 0.022411346435546875
