graph: 390.443917
import: 719
injection_detection: 107.06114768981934
injection_reconstruction: 1623.9750385284424
proto_pollution_detection: 408.4935188293457
proto_pollution_reconstruction: 0.027179718017578125
