graph: 442.513167
import: 641
injection_detection: 120.96643447875977
injection_reconstruction: 1779.0262699127197
proto_pollution_detection: 420.7959175109863
proto_pollution_reconstruction: 0.019073486328125
