graph: 387.663708
import: 636
injection_detection: 81.16602897644043
injection_reconstruction: 1331.4423561096191
proto_pollution_detection: 360.2907657623291
proto_pollution_reconstruction: 0.015974044799804688
