graph: 189.76462
import: 1227
injection_detection: 2149.038076400757
proto_pollution_detection: 767.9214477539062
