graph: 2935.397809
import: 1213
injection_detection: 446.7010498046875
injection_reconstruction: 8100.641965866089
proto_pollution_detection: 496.5856075286865
proto_pollution_reconstruction: 0.03218650817871094
