graph: 357.42775
import: 979
injection_detection: 195.8165168762207
injection_reconstruction: 4810.921192169189
proto_pollution_detection: 409.00397300720215
proto_pollution_reconstruction: 0.020503997802734375
