graph: 349.42325
import: 655
injection_detection: 159.7309112548828
injection_reconstruction: 0.016689300537109375
proto_pollution_detection: 978.818416595459
proto_pollution_reconstruction: 0.017404556274414062
