graph: 94.645542
import: 607
injection_detection: 1213.0458354949951
injection_reconstruction: 0.015974044799804688
proto_pollution_detection: 404.04343605041504
proto_pollution_reconstruction: 0.0209808349609375
