graph: 321.477041
import: 674
injection_detection: 232.75279998779297
injection_reconstruction: 0.01621246337890625
proto_pollution_detection: 873.4748363494873
proto_pollution_reconstruction: 0.02002716064453125
