graph: 290.952625
import: 1422
injection_detection: 1636.1289024353027
injection_reconstruction: 0.03361701965332031
proto_pollution_detection: 660.1459980010986
proto_pollution_reconstruction: 0.030279159545898438
