graph: 127.818875
import: 757
injection_detection: 1269.0842151641846
injection_reconstruction: 0.018596649169921875
proto_pollution_detection: 494.4324493408203
proto_pollution_reconstruction: 0.018835067749023438
