graph: 370.383458
import: 658
injection_detection: 162.36305236816406
injection_reconstruction: 0.021696090698242188
proto_pollution_detection: 1120.7685470581055
proto_pollution_reconstruction: 0.03457069396972656
