graph: 2848.829108
import: 1340
injection_detection: 404.9201011657715
injection_reconstruction: 434.2527389526367
proto_pollution_detection: 1826.9774913787842
proto_pollution_reconstruction: 0.05793571472167969
