graph: 2820.066903
import: 1515
injection_detection: 394.06800270080566
injection_reconstruction: 314.532995223999
proto_pollution_detection: 1627.9962062835693
proto_pollution_reconstruction: 0.03981590270996094
