graph: 433.012459
import: 738
injection_detection: 424.3776798248291
injection_reconstruction: 24349.10249710083
proto_pollution_detection: 526.5324115753174
proto_pollution_reconstruction: 193.37177276611328
