graph: 470.148834
import: 857
injection_detection: 406.4311981201172
injection_reconstruction: 5676.3904094696045
proto_pollution_detection: 549.7786998748779
proto_pollution_reconstruction: 21.49176597595215
