graph: 154.370292
import: 886
injection_detection: 1730.87739944458
injection_reconstruction: 5557.113170623779
proto_pollution_detection: 364.78495597839355
proto_pollution_reconstruction: 0.025987625122070312
