graph: 457.784792
import: 763
injection_detection: 510.5443000793457
injection_reconstruction: 28865.95845222473
proto_pollution_detection: 1463.5536670684814
proto_pollution_reconstruction: 271.6808319091797
