graph: 2821.617819
import: 1362
injection_detection: 415.3876304626465
injection_reconstruction: 396.5146541595459
proto_pollution_detection: 1542.9754257202148
proto_pollution_reconstruction: 0.032901763916015625
