graph: 2847.055727
import: 1294
injection_detection: 441.619873046875
injection_reconstruction: 360.07213592529297
proto_pollution_detection: 1925.4674911499023
proto_pollution_reconstruction: 0.04363059997558594
