graph: 488.3535
import: 676
injection_detection: 217.58508682250977
injection_reconstruction: 4949.410438537598
proto_pollution_detection: 393.62072944641113
proto_pollution_reconstruction: 0.020742416381835938
