graph: 157.85722
import: 1600
injection_detection: 2246.354103088379
proto_pollution_detection: 598.8271236419678
