graph: 481.069959
import: 708
injection_detection: 220.9315299987793
injection_reconstruction: 5108.778476715088
proto_pollution_detection: 344.47336196899414
proto_pollution_reconstruction: 0.018835067749023438
