graph: 720.807959
import: 673
injection_detection: 291.9652462005615
injection_reconstruction: 6117.4376010894775
proto_pollution_detection: 451.08628273010254
proto_pollution_reconstruction: 0.019073486328125
