graph: 237.454375
import: 872
injection_detection: 1439.652442932129
injection_reconstruction: 5155.961751937866
proto_pollution_detection: 103.81698608398438
proto_pollution_reconstruction: 0.0152587890625
