graph: 577.202125
import: 700
injection_detection: 114.80021476745605
injection_reconstruction: 4437.017202377319
proto_pollution_detection: 319.8246955871582
proto_pollution_reconstruction: 0.018358230590820312
