graph: 306.473
import: 677
injection_detection: 105.7732105255127
injection_reconstruction: 3737.3709678649902
proto_pollution_detection: 302.8082847595215
proto_pollution_reconstruction: 0.020265579223632812
