graph: 290.736083
import: 589
injection_detection: 115.83065986633301
injection_reconstruction: 4579.805135726929
proto_pollution_detection: 363.5075092315674
proto_pollution_reconstruction: 0.03790855407714844
