graph: 290.310501
import: 699
injection_detection: 95.78204154968262
injection_reconstruction: 4603.847026824951
proto_pollution_detection: 326.4639377593994
proto_pollution_reconstruction: 0.037670135498046875
