graph: 90.991053
import: 935
injection_detection: 1950.9708881378174
proto_pollution_detection: 564.9158954620361
