graph: 326.959375
import: 633
injection_detection: 190.1986598968506
injection_reconstruction: 4064.7919178009033
proto_pollution_detection: 351.87315940856934
proto_pollution_reconstruction: 0.020265579223632812
