graph: 2830.724398
import: 1357
injection_detection: 465.76380729675293
injection_reconstruction: 507.2493553161621
proto_pollution_detection: 2021.094799041748
proto_pollution_reconstruction: 0.039577484130859375
