graph: 528.473626
import: 701
injection_detection: 185.89091300964355
injection_reconstruction: 0.017881393432617188
proto_pollution_detection: 916.5773391723633
proto_pollution_reconstruction: 1414.0956401824951
