graph: 448.853292
import: 630
injection_detection: 105.06129264831543
injection_reconstruction: 0.023603439331054688
proto_pollution_detection: 550.1160621643066
proto_pollution_reconstruction: 1324.1217136383057
