graph: 196.191412
import: 1322
injection_detection: 1870.9592819213867
proto_pollution_detection: 1210.294485092163
