graph: 176.418166
import: 1
injection_detection: 1502.868890762329
injection_reconstruction: 0.021696090698242188
proto_pollution_detection: 967.6847457885742
proto_pollution_reconstruction: 2020.871639251709
