graph: 125.088667
import: 862
injection_detection: 1183.3000183105469
injection_reconstruction: 0.017881393432617188
proto_pollution_detection: 768.1381702423096
proto_pollution_reconstruction: 1557.0416450500488
