graph: 515.672292
import: 782
injection_detection: 193.49193572998047
injection_reconstruction: 0.017642974853515625
proto_pollution_detection: 991.1620616912842
proto_pollution_reconstruction: 1557.8978061676025
