graph: 147.752458
import: 1158
injection_detection: 1404.6237468719482
injection_reconstruction: 0.0171661376953125
proto_pollution_detection: 868.1535720825195
proto_pollution_reconstruction: 1864.8791313171387
