graph: 986.69325
import: 821
injection_detection: 173.25997352600098
injection_reconstruction: 0.021696090698242188
proto_pollution_detection: 931.8230152130127
proto_pollution_reconstruction: 1704.3285369873047
