graph: 508.4925
import: 667
injection_detection: 106.35638236999512
injection_reconstruction: 1755.6989192962646
proto_pollution_detection: 513.6888027191162
proto_pollution_reconstruction: 0.015974044799804688
