graph: 520.857751
import: 662
injection_detection: 102.25439071655273
injection_reconstruction: 1802.173137664795
proto_pollution_detection: 470.1268672943115
proto_pollution_reconstruction: 0.025987625122070312
