graph: 432.764375
import: 651
injection_detection: 111.73009872436523
injection_reconstruction: 1376.7728805541992
proto_pollution_detection: 460.0992202758789
proto_pollution_reconstruction: 0.02574920654296875
