graph: 196.617917
import: 737
injection_detection: 1352.3237705230713
injection_reconstruction: 2501.97434425354
proto_pollution_detection: 152.56619453430176
proto_pollution_reconstruction: 0.023126602172851562
