graph: 305.733917
import: 674
injection_detection: 107.59782791137695
injection_reconstruction: 2017.5652503967285
proto_pollution_detection: 494.2774772644043
proto_pollution_reconstruction: 0.02193450927734375
