graph: 111.063208
import: 741
injection_detection: 1231.2884330749512
injection_reconstruction: 2425.3413677215576
proto_pollution_detection: 142.4996852874756
proto_pollution_reconstruction: 0.027418136596679688
