graph: 371.183126
import: 633
injection_detection: 124.15027618408203
injection_reconstruction: 1827.3775577545166
proto_pollution_detection: 451.05934143066406
proto_pollution_reconstruction: 0.018596649169921875
