graph: 186.244459
import: 823
injection_detection: 1442.9643154144287
injection_reconstruction: 2577.8870582580566
proto_pollution_detection: 157.0758819580078
proto_pollution_reconstruction: 0.023365020751953125
