graph: 82.528834
import: 720
injection_detection: 1176.9773960113525
injection_reconstruction: 2086.280584335327
proto_pollution_detection: 136.54470443725586
proto_pollution_reconstruction: 0.021219253540039062
