graph: 294.875917
import: 588
injection_detection: 127.96330451965332
injection_reconstruction: 1456.9883346557617
proto_pollution_detection: 345.7832336425781
proto_pollution_reconstruction: 0.02193450927734375
