graph: 287.961459
import: 665
injection_detection: 146.27981185913086
injection_reconstruction: 2289.3612384796143
proto_pollution_detection: 477.9353141784668
proto_pollution_reconstruction: 0.018358230590820312
