graph: 380.847542
import: 759
injection_detection: 102.7672290802002
injection_reconstruction: 1897.6318836212158
proto_pollution_detection: 440.28520584106445
proto_pollution_reconstruction: 0.034332275390625
