graph: 2868.666398
import: 1393
injection_detection: 412.02759742736816
injection_reconstruction: 448.7917423248291
proto_pollution_detection: 1750.7681846618652
proto_pollution_reconstruction: 0.04506111145019531
