graph: 2846.787605
import: 1446
injection_detection: 241.75691604614258
injection_reconstruction: 240.5567169189453
proto_pollution_detection: 1131.819248199463
proto_pollution_reconstruction: 0.03552436828613281
