graph: 143.42658
import: 1349
injection_detection: 1831.1395645141602
proto_pollution_detection: 668.0934429168701
