graph: 2662.528088
import: 1655
injection_detection: 435.8839988708496
injection_reconstruction: 500.8821487426758
proto_pollution_detection: 1862.112283706665
proto_pollution_reconstruction: 0.0457763671875
