graph: 107.75275
import: 1067
injection_detection: 1338.3934497833252
injection_reconstruction: 0.030755996704101562
proto_pollution_detection: 1179.7492504119873
proto_pollution_reconstruction: 5717.993259429932
