graph: 110.343791
import: 851
injection_detection: 1337.6893997192383
injection_reconstruction: 0.030040740966796875
proto_pollution_detection: 1125.9574890136719
proto_pollution_reconstruction: 4781.977891921997
