graph: 390.997042
import: 734
injection_detection: 110.25285720825195
injection_reconstruction: 0.026702880859375
proto_pollution_detection: 1113.8761043548584
proto_pollution_reconstruction: 3497.8976249694824
