graph: 106.73675
import: 850
injection_detection: 1322.6382732391357
injection_reconstruction: 0.020742416381835938
proto_pollution_detection: 1261.2674236297607
proto_pollution_reconstruction: 5956.419467926025
