graph: 361.703375
import: 736
injection_detection: 110.97407341003418
injection_reconstruction: 0.026702880859375
proto_pollution_detection: 1256.5009593963623
proto_pollution_reconstruction: 4588.81402015686
