graph: 131.926375
import: 903
injection_detection: 1683.2125186920166
injection_reconstruction: 0.05173683166503906
proto_pollution_detection: 1523.395299911499
proto_pollution_reconstruction: 6281.099796295166
