graph: 362.546667
import: 681
injection_detection: 88.63139152526855
injection_reconstruction: 0.014781951904296875
proto_pollution_detection: 1146.8226909637451
proto_pollution_reconstruction: 4348.208665847778
