graph: 571.863625
import: 644
injection_detection: 114.81881141662598
injection_reconstruction: 2749.6018409729004
proto_pollution_detection: 344.10595893859863
proto_pollution_reconstruction: 0.017642974853515625
