graph: 649.131375
import: 908
injection_detection: 198.46391677856445
injection_reconstruction: 3406.440258026123
proto_pollution_detection: 393.8717842102051
proto_pollution_reconstruction: 0.017881393432617188
