graph: 641.122
import: 841
injection_detection: 198.97699356079102
injection_reconstruction: 3229.4092178344727
proto_pollution_detection: 406.33630752563477
proto_pollution_reconstruction: 0.018358230590820312
