graph: 184.704375
import: 750
injection_detection: 1380.1751136779785
injection_reconstruction: 3651.625156402588
proto_pollution_detection: 117.35343933105469
proto_pollution_reconstruction: 0.017404556274414062
