graph: 368.50993
import: 1767
injection_detection: 2287.0121002197266
proto_pollution_detection: 843.693733215332
