graph: 652.341709
import: 769
injection_detection: 231.8124771118164
injection_reconstruction: 3395.190477371216
proto_pollution_detection: 440.37699699401855
proto_pollution_reconstruction: 0.019550323486328125
