graph: 380.599001
import: 878
injection_detection: 117.43664741516113
injection_reconstruction: 0.016927719116210938
proto_pollution_detection: 786.9749069213867
proto_pollution_reconstruction: 0.0209808349609375
