graph: 95.49675
import: 611
injection_detection: 1048.9559173583984
injection_reconstruction: 0.017404556274414062
proto_pollution_detection: 370.8968162536621
proto_pollution_reconstruction: 0.016689300537109375
