graph: 323.522958
import: 629
injection_detection: 89.3409252166748
injection_reconstruction: 0.0152587890625
proto_pollution_detection: 433.32672119140625
proto_pollution_reconstruction: 0.023603439331054688
