graph: 109.986125
import: 670
injection_detection: 1126.1651515960693
injection_reconstruction: 0.015020370483398438
proto_pollution_detection: 352.1919250488281
proto_pollution_reconstruction: 0.021457672119140625
