graph: 398.668167
import: 720
injection_detection: 86.7164134979248
injection_reconstruction: 0.015497207641601562
proto_pollution_detection: 729.2637825012207
proto_pollution_reconstruction: 0.024318695068359375
