graph: 410.581959
import: 683
injection_detection: 98.54364395141602
injection_reconstruction: 0.0171661376953125
proto_pollution_detection: 723.4296798706055
proto_pollution_reconstruction: 0.026464462280273438
