graph: 555.64675
import: 773
injection_detection: 1346.0328578948975
injection_reconstruction: 0.023126602172851562
proto_pollution_detection: 416.86129570007324
proto_pollution_reconstruction: 0.020742416381835938
