graph: 120.446458
import: 812
injection_detection: 1287.4953746795654
injection_reconstruction: 0.023126602172851562
proto_pollution_detection: 409.26408767700195
proto_pollution_reconstruction: 0.017881393432617188
