graph: 324.260333
import: 601
injection_detection: 86.89641952514648
injection_reconstruction: 0.020265579223632812
proto_pollution_detection: 721.0667133331299
proto_pollution_reconstruction: 0.019073486328125
