graph: 108.6755
import: 768
injection_detection: 1311.8491172790527
injection_reconstruction: 4708.286285400391
proto_pollution_detection: 86.04741096496582
proto_pollution_reconstruction: 0.026941299438476562
