graph: 578.240292
import: 803
injection_detection: 1394.5353031158447
injection_reconstruction: 5744.715452194214
proto_pollution_detection: 102.5235652923584
proto_pollution_reconstruction: 0.024080276489257812
