graph: 380.498084
import: 634
injection_detection: 100.90088844299316
injection_reconstruction: 4559.06867980957
proto_pollution_detection: 327.85987854003906
proto_pollution_reconstruction: 0.018358230590820312
