graph: 105.574708
import: 696
injection_detection: 1156.5463542938232
injection_reconstruction: 4162.537336349487
proto_pollution_detection: 80.57332038879395
proto_pollution_reconstruction: 0.021696090698242188
