graph: 380.95975
import: 767
injection_detection: 95.68643569946289
injection_reconstruction: 5211.770296096802
proto_pollution_detection: 307.0814609527588
proto_pollution_reconstruction: 0.03147125244140625
