graph: 199.39125
import: 666
injection_detection: 1218.4703350067139
injection_reconstruction: 2890.2575969696045
proto_pollution_detection: 91.28952026367188
proto_pollution_reconstruction: 0.016927719116210938
