graph: 467.301459
import: 657
injection_detection: 105.05414009094238
injection_reconstruction: 5385.413408279419
proto_pollution_detection: 302.2749423980713
proto_pollution_reconstruction: 0.020742416381835938
