graph: 435.095667
import: 717
injection_detection: 103.48868370056152
injection_reconstruction: 4602.477073669434
proto_pollution_detection: 370.7454204559326
proto_pollution_reconstruction: 0.018596649169921875
