graph: 349.785125
import: 659
injection_detection: 98.08611869812012
injection_reconstruction: 4712.619781494141
proto_pollution_detection: 302.898645401001
proto_pollution_reconstruction: 0.017642974853515625
