graph: 565.235292
import: 835
injection_detection: 1363.7926578521729
injection_reconstruction: 5493.952035903931
proto_pollution_detection: 105.99851608276367
proto_pollution_reconstruction: 0.022172927856445312
