graph: 455.421209
import: 657
injection_detection: 114.9749755859375
injection_reconstruction: 2897.8207111358643
proto_pollution_detection: 371.1659908294678
proto_pollution_reconstruction: 0.03910064697265625
