graph: 476.277001
import: 628
injection_detection: 203.23824882507324
injection_reconstruction: 3374.4091987609863
proto_pollution_detection: 424.40080642700195
proto_pollution_reconstruction: 0.017881393432617188
