graph: 497.287292
import: 663
injection_detection: 200.68669319152832
injection_reconstruction: 3454.4012546539307
proto_pollution_detection: 549.7307777404785
proto_pollution_reconstruction: 0.06437301635742188
