graph: 3339.783387
import: 1222
injection_detection: 406.3839912414551
injection_reconstruction: 8924.211025238037
proto_pollution_detection: 538.4962558746338
proto_pollution_reconstruction: 0.032901763916015625
