graph: 656.369042
import: 666
injection_detection: 225.9349822998047
injection_reconstruction: 4133.558750152588
proto_pollution_detection: 702.7328014373779
proto_pollution_reconstruction: 0.023603439331054688
