graph: 130.568709
import: 909
injection_detection: 1673.682689666748
injection_reconstruction: 0.04315376281738281
proto_pollution_detection: 1343.796968460083
proto_pollution_reconstruction: 3638.230323791504
