graph: 371.457
import: 693
injection_detection: 77.99792289733887
injection_reconstruction: 0.016927719116210938
proto_pollution_detection: 2237.7285957336426
proto_pollution_reconstruction: 3813.7941360473633
