graph: 348.455458
import: 631
injection_detection: 81.84313774108887
injection_reconstruction: 0.0152587890625
proto_pollution_detection: 2206.6590785980225
proto_pollution_reconstruction: 3824.7203826904297
