graph: 198.268383
import: 1647
injection_detection: 2345.9978103637695
proto_pollution_detection: 2063.6346340179443
