graph: 390.233875
import: 775
injection_detection: 84.35821533203125
injection_reconstruction: 0.014543533325195312
proto_pollution_detection: 2429.264783859253
proto_pollution_reconstruction: 4031.026840209961
