graph: 144.061084
import: 796
injection_detection: 1263.7195587158203
injection_reconstruction: 0.027894973754882812
proto_pollution_detection: 1214.8818969726562
proto_pollution_reconstruction: 4011.9965076446533
