graph: 335.46475
import: 657
injection_detection: 97.05781936645508
injection_reconstruction: 0.020503997802734375
proto_pollution_detection: 1799.8859882354736
proto_pollution_reconstruction: 3696.460962295532
