graph: 113.412427
import: 909
injection_detection: 2033.3833694458008
proto_pollution_detection: 732.222318649292
