graph: 3141.750645
import: 888
injection_detection: 169.327974319458
injection_reconstruction: 0.03147125244140625
proto_pollution_detection: 887.4683380126953
proto_pollution_reconstruction: 0.043392181396484375
