graph: 3392.032295
import: 1286
injection_detection: 417.55151748657227
injection_reconstruction: 7588.778257369995
proto_pollution_detection: 541.7149066925049
proto_pollution_reconstruction: 0.044345855712890625
