graph: 536.95925
import: 647
injection_detection: 145.17712593078613
injection_reconstruction: 4866.281032562256
proto_pollution_detection: 330.1365375518799
proto_pollution_reconstruction: 0.018596649169921875
