graph: 772.192834
import: 675
injection_detection: 118.05582046508789
injection_reconstruction: 5116.909980773926
proto_pollution_detection: 343.9185619354248
proto_pollution_reconstruction: 0.021457672119140625
