graph: 546.606626
import: 663
injection_detection: 115.52047729492188
injection_reconstruction: 4064.1250610351562
proto_pollution_detection: 302.506685256958
proto_pollution_reconstruction: 0.02002716064453125
