graph: 3009.451725
import: 1391
injection_detection: 429.89110946655273
injection_reconstruction: 8888.509035110474
proto_pollution_detection: 806.0598373413086
proto_pollution_reconstruction: 0.041961669921875
