graph: 214.159302
import: 1480
injection_detection: 1975.7969379425049
proto_pollution_detection: 823.6184120178223
