graph: 2824.803341
import: 1201
injection_detection: 448.1949806213379
injection_reconstruction: 500.9493827819824
proto_pollution_detection: 1934.4661235809326
proto_pollution_reconstruction: 0.04076957702636719
