graph: 92.009843
import: 1183
injection_detection: 2081.3050270080566
proto_pollution_detection: 656.8119525909424
