graph: 451.31475
import: 693
injection_detection: 197.922945022583
injection_reconstruction: 5458.170652389526
proto_pollution_detection: 540.3499603271484
proto_pollution_reconstruction: 0.014781951904296875
