graph: 514.160667
import: 640
injection_detection: 185.06455421447754
injection_reconstruction: 4726.6247272491455
proto_pollution_detection: 314.32080268859863
proto_pollution_reconstruction: 0.016927719116210938
