graph: 3288.439773
import: 1609
injection_detection: 475.29077529907227
injection_reconstruction: 13427.330255508423
proto_pollution_detection: 479.7251224517822
proto_pollution_reconstruction: 0.03147125244140625
