graph: 466.556667
import: 613
injection_detection: 108.39605331420898
injection_reconstruction: 4370.099782943726
proto_pollution_detection: 374.06063079833984
proto_pollution_reconstruction: 0.018835067749023438
