graph: 464.982292
import: 639
injection_detection: 223.10876846313477
injection_reconstruction: 5131.051540374756
proto_pollution_detection: 341.43519401550293
proto_pollution_reconstruction: 0.017881393432617188
