graph: 107.566584
import: 836
injection_detection: 1239.4654750823975
injection_reconstruction: 0.022411346435546875
proto_pollution_detection: 425.8005619049072
proto_pollution_reconstruction: 0.016689300537109375
