graph: 493.480333
import: 626
injection_detection: 160.60519218444824
injection_reconstruction: 0.021219253540039062
proto_pollution_detection: 871.6940879821777
proto_pollution_reconstruction: 0.030994415283203125
