graph: 451.515
import: 650
injection_detection: 98.47331047058105
injection_reconstruction: 0.028371810913085938
proto_pollution_detection: 754.3454170227051
proto_pollution_reconstruction: 0.0171661376953125
