graph: 444.227417
import: 641
injection_detection: 109.35664176940918
injection_reconstruction: 0.02193450927734375
proto_pollution_detection: 540.2374267578125
proto_pollution_reconstruction: 0.023365020751953125
