graph: 282.101291
import: 558
injection_detection: 107.13481903076172
injection_reconstruction: 4192.451953887939
proto_pollution_detection: 314.7711753845215
proto_pollution_reconstruction: 0.018835067749023438
