graph: 326.3565
import: 739
injection_detection: 237.1833324432373
injection_reconstruction: 4932.671785354614
proto_pollution_detection: 372.4632263183594
proto_pollution_reconstruction: 0.01811981201171875
