graph: 330.841709
import: 626
injection_detection: 202.5454044342041
injection_reconstruction: 4693.065166473389
proto_pollution_detection: 306.40149116516113
proto_pollution_reconstruction: 0.022649765014648438
