graph: 324.67025
import: 627
injection_detection: 199.11909103393555
injection_reconstruction: 4824.423551559448
proto_pollution_detection: 309.7643852233887
proto_pollution_reconstruction: 0.017881393432617188
