graph: 434.859625
import: 689
injection_detection: 86.53736114501953
injection_reconstruction: 7292.060613632202
proto_pollution_detection: 326.23982429504395
proto_pollution_reconstruction: 0.015497207641601562
