graph: 446.045959
import: 771
injection_detection: 104.26926612854004
injection_reconstruction: 7074.479579925537
proto_pollution_detection: 345.0968265533447
proto_pollution_reconstruction: 0.023126602172851562
