graph: 160.276875
import: 801
injection_detection: 1302.9365539550781
injection_reconstruction: 11778.794050216675
proto_pollution_detection: 84.3508243560791
proto_pollution_reconstruction: 0.028371810913085938
