graph: 462.058875
import: 777
injection_detection: 95.64375877380371
injection_reconstruction: 7975.456237792969
proto_pollution_detection: 318.53675842285156
proto_pollution_reconstruction: 0.021696090698242188
