graph: 6228.914419
import: 1107
injection_detection: 1643.1376934051514
injection_reconstruction: 20168.290853500366
proto_pollution_detection: 103.66559028625488
proto_pollution_reconstruction: 0.023126602172851562
