graph: 430.486917
import: 653
injection_detection: 137.4669075012207
injection_reconstruction: 7542.367458343506
proto_pollution_detection: 311.99169158935547
proto_pollution_reconstruction: 0.019073486328125
