graph: 502.568834
import: 702
injection_detection: 97.98073768615723
injection_reconstruction: 8859.194993972778
proto_pollution_detection: 348.7131595611572
proto_pollution_reconstruction: 0.019073486328125
