graph: 4999.693209
import: 840
injection_detection: 1437.0896816253662
injection_reconstruction: 19083.5018157959
proto_pollution_detection: 97.72253036499023
proto_pollution_reconstruction: 0.021457672119140625
