graph: 214.870083
import: 879
injection_detection: 1321.228265762329
injection_reconstruction: 10972.336769104004
proto_pollution_detection: 90.44361114501953
proto_pollution_reconstruction: 0.016927719116210938
