graph: 195.540107
import: 1352
injection_detection: 2129.4939517974854
proto_pollution_detection: 626.4491081237793
