graph: 401.233417
import: 677
injection_detection: 116.99867248535156
injection_reconstruction: 5915.703773498535
proto_pollution_detection: 328.31573486328125
proto_pollution_reconstruction: 0.0286102294921875
