graph: 584.130625
import: 660
injection_detection: 120.28026580810547
injection_reconstruction: 5384.708881378174
proto_pollution_detection: 322.4506378173828
proto_pollution_reconstruction: 0.04076957702636719
