graph: 384.939875
import: 604
injection_detection: 105.86285591125488
injection_reconstruction: 4894.171237945557
proto_pollution_detection: 425.25577545166016
proto_pollution_reconstruction: 0.023365020751953125
