graph: 408.4735
import: 764
injection_detection: 121.48141860961914
injection_reconstruction: 5631.88099861145
proto_pollution_detection: 329.15568351745605
proto_pollution_reconstruction: 0.018835067749023438
