graph: 303.933
import: 618
injection_detection: 218.48773956298828
injection_reconstruction: 3956.2883377075195
proto_pollution_detection: 533.0641269683838
proto_pollution_reconstruction: 0.02574920654296875
