graph: 2811.913137
import: 1509
injection_detection: 389.2853260040283
injection_reconstruction: 377.57396697998047
proto_pollution_detection: 2150.338649749756
proto_pollution_reconstruction: 0.04935264587402344
