graph: 125.874209
import: 774
injection_detection: 1293.759822845459
injection_reconstruction: 0.016450881958007812
proto_pollution_detection: 1396.596908569336
proto_pollution_reconstruction: 2791.5093898773193
