graph: 2816.051219
import: 1218
injection_detection: 185.27531623840332
injection_reconstruction: 0.035762786865234375
proto_pollution_detection: 2306.563377380371
proto_pollution_reconstruction: 2550.1132011413574
