graph: 385.469417
import: 703
injection_detection: 154.5250415802002
injection_reconstruction: 0.02574920654296875
proto_pollution_detection: 982.2988510131836
proto_pollution_reconstruction: 2050.0943660736084
