graph: 405.489417
import: 703
injection_detection: 142.8680419921875
injection_reconstruction: 0.021219253540039062
proto_pollution_detection: 1491.955280303955
proto_pollution_reconstruction: 2211.2174034118652
