graph: 382.626333
import: 662
injection_detection: 91.25971794128418
injection_reconstruction: 0.017642974853515625
proto_pollution_detection: 1238.1203174591064
proto_pollution_reconstruction: 1856.5914630889893
