graph: 139.252792
import: 724
injection_detection: 1317.328929901123
injection_reconstruction: 0.019788742065429688
proto_pollution_detection: 1416.1787033081055
proto_pollution_reconstruction: 9968.127489089966
