graph: 113.40025
import: 817
injection_detection: 1480.4399013519287
injection_reconstruction: 0.03147125244140625
proto_pollution_detection: 1636.7690563201904
proto_pollution_reconstruction: 10669.291019439697
