graph: 124.759792
import: 1158
injection_detection: 1306.5319061279297
injection_reconstruction: 0.025033950805664062
proto_pollution_detection: 1572.89457321167
proto_pollution_reconstruction: 10927.423238754272
