graph: 389.151959
import: 760
injection_detection: 102.16164588928223
injection_reconstruction: 0.01621246337890625
proto_pollution_detection: 1313.4407997131348
proto_pollution_reconstruction: 2005.9771537780762
