graph: 104.781833
import: 975
injection_detection: 1541.9743061065674
injection_reconstruction: 5389.935493469238
proto_pollution_detection: 117.54465103149414
proto_pollution_reconstruction: 0.0247955322265625
