graph: 86.333541
import: 764
injection_detection: 1226.7773151397705
injection_reconstruction: 3925.47345161438
proto_pollution_detection: 90.89970588684082
proto_pollution_reconstruction: 0.01621246337890625
