graph: 300.769959
import: 582
injection_detection: 188.3096694946289
injection_reconstruction: 2858.0000400543213
proto_pollution_detection: 428.0221462249756
proto_pollution_reconstruction: 0.017642974853515625
