graph: 267.569083
import: 578
injection_detection: 205.55710792541504
injection_reconstruction: 2815.927743911743
proto_pollution_detection: 406.3127040863037
proto_pollution_reconstruction: 0.017642974853515625
