graph: 80.86025
import: 697
injection_detection: 1102.2720336914062
injection_reconstruction: 2105.7205200195312
proto_pollution_detection: 116.6238784790039
proto_pollution_reconstruction: 0.0247955322265625
