graph: 2829.919472
import: 1344
injection_detection: 271.7728614807129
injection_reconstruction: 12950.374603271484
proto_pollution_detection: 854.7677993774414
proto_pollution_reconstruction: 0.034332275390625
