graph: 103.749583
import: 749
injection_detection: 1403.0661582946777
injection_reconstruction: 4958.566427230835
proto_pollution_detection: 112.4122142791748
proto_pollution_reconstruction: 0.025272369384765625
