graph: 266.827542
import: 620
injection_detection: 103.27029228210449
injection_reconstruction: 4321.397066116333
proto_pollution_detection: 346.76122665405273
proto_pollution_reconstruction: 0.019788742065429688
