graph: 325.986417
import: 630
injection_detection: 314.1214847564697
injection_reconstruction: 4949.80788230896
proto_pollution_detection: 339.4584655761719
proto_pollution_reconstruction: 0.018358230590820312
