graph: 87.685417
import: 697
injection_detection: 1123.6231327056885
injection_reconstruction: 3880.8810710906982
proto_pollution_detection: 98.21057319641113
proto_pollution_reconstruction: 0.016927719116210938
