graph: 321.23225
import: 594
injection_detection: 184.62419509887695
injection_reconstruction: 4835.496664047241
proto_pollution_detection: 332.19051361083984
proto_pollution_reconstruction: 0.022172927856445312
