graph: 441.297444
import: 1669
injection_detection: 1980.1456928253174
proto_pollution_detection: 1427.4067878723145
