graph: 633.796667
import: 739
injection_detection: 92.09752082824707
injection_reconstruction: 4760.672807693481
proto_pollution_detection: 409.865140914917
proto_pollution_reconstruction: 0.019788742065429688
