graph: 347.992791
import: 1023
injection_detection: 1447.7274417877197
injection_reconstruction: 5167.040109634399
proto_pollution_detection: 744.5080280303955
proto_pollution_reconstruction: 397.19104766845703
