graph: 679.654042
import: 999
injection_detection: 98.0074405670166
injection_reconstruction: 5517.26222038269
proto_pollution_detection: 492.30456352233887
proto_pollution_reconstruction: 0.021219253540039062
