graph: 762.726042
import: 984
injection_detection: 114.10307884216309
injection_reconstruction: 5172.771453857422
proto_pollution_detection: 717.3690795898438
proto_pollution_reconstruction: 0.031948089599609375
