graph: 718.014542
import: 849
injection_detection: 102.42009162902832
injection_reconstruction: 4231.527805328369
proto_pollution_detection: 559.6637725830078
proto_pollution_reconstruction: 0.022172927856445312
