graph: 379.2985
import: 1070
injection_detection: 1694.6029663085938
injection_reconstruction: 6288.234233856201
proto_pollution_detection: 854.0441989898682
proto_pollution_reconstruction: 602.6239395141602
