graph: 2719.160176
import: 1401
injection_detection: 451.94482803344727
injection_reconstruction: 520.2846527099609
proto_pollution_detection: 2007.1735382080078
proto_pollution_reconstruction: 0.04100799560546875
