graph: 91.793471
import: 1363
injection_detection: 2307.746410369873
proto_pollution_detection: 879.7972202301025
