graph: 331.782542
import: 662
injection_detection: 263.63253593444824
injection_reconstruction: 4230.421304702759
proto_pollution_detection: 349.3938446044922
proto_pollution_reconstruction: 0.016689300537109375
