graph: 2849.684675
import: 1443
injection_detection: 417.01245307922363
injection_reconstruction: 439.91899490356445
proto_pollution_detection: 1862.6735210418701
proto_pollution_reconstruction: 0.05245208740234375
