graph: 123.745007
import: 1171
injection_detection: 1976.7553806304932
proto_pollution_detection: 616.7440414428711
