graph: 511.394682
import: 1435
injection_detection: 2349.900722503662
proto_pollution_detection: 665.1084423065186
