graph: 755.044125
import: 887
injection_detection: 200.59895515441895
injection_reconstruction: 12421.008825302124
proto_pollution_detection: 318.6769485473633
proto_pollution_reconstruction: 0.017642974853515625
