graph: 3245.235376
import: 2612
injection_detection: 265.46382904052734
injection_reconstruction: 44179.84628677368
proto_pollution_detection: 885.2572441101074
proto_pollution_reconstruction: 0.04029273986816406
