graph: 3219.185169
import: 1476
injection_detection: 169.8129177093506
injection_reconstruction: 6993.174076080322
proto_pollution_detection: 548.7585067749023
proto_pollution_reconstruction: 0.032901763916015625
