graph: 155.486375
import: 822
injection_detection: 1311.9535446166992
injection_reconstruction: 0.019550323486328125
proto_pollution_detection: 466.2599563598633
proto_pollution_reconstruction: 0.022649765014648438
