graph: 428.297792
import: 644
injection_detection: 162.3849868774414
injection_reconstruction: 0.0247955322265625
proto_pollution_detection: 891.5066719055176
proto_pollution_reconstruction: 0.017881393432617188
