graph: 347.806167
import: 668
injection_detection: 120.44095993041992
injection_reconstruction: 0.014543533325195312
proto_pollution_detection: 550.9493350982666
proto_pollution_reconstruction: 0.027894973754882812
