graph: 421.9215
import: 744
injection_detection: 265.3079032897949
injection_reconstruction: 0.016927719116210938
proto_pollution_detection: 966.5229320526123
proto_pollution_reconstruction: 0.025272369384765625
