graph: 421.634292
import: 785
injection_detection: 197.42703437805176
injection_reconstruction: 0.045299530029296875
proto_pollution_detection: 1075.4830837249756
proto_pollution_reconstruction: 0.0286102294921875
