graph: 166.393125
import: 1109
injection_detection: 1323.6680030822754
injection_reconstruction: 0.03743171691894531
proto_pollution_detection: 508.1939697265625
proto_pollution_reconstruction: 0.024318695068359375
