graph: 559.941125
import: 917
injection_detection: 115.90337753295898
injection_reconstruction: 0.016689300537109375
proto_pollution_detection: 3599.224328994751
proto_pollution_reconstruction: 3734.738826751709
