graph: 204.997875
import: 895
injection_detection: 1438.241720199585
injection_reconstruction: 0.018835067749023438
proto_pollution_detection: 1428.725004196167
proto_pollution_reconstruction: 3246.500253677368
