graph: 3496.663873
import: 1446
injection_detection: 202.8045654296875
injection_reconstruction: 0.03886222839355469
proto_pollution_detection: 8445.135831832886
proto_pollution_reconstruction: 11265.146732330322
