graph: 514.816875
import: 697
injection_detection: 98.07062149047852
injection_reconstruction: 0.018358230590820312
proto_pollution_detection: 2931.617259979248
proto_pollution_reconstruction: 4010.654926300049
