graph: 533.522417
import: 710
injection_detection: 96.24075889587402
injection_reconstruction: 0.017881393432617188
proto_pollution_detection: 3129.9097537994385
proto_pollution_reconstruction: 4249.614715576172
