graph: 219.071376
import: 976
injection_detection: 1614.910364151001
injection_reconstruction: 0.024557113647460938
proto_pollution_detection: 1473.9761352539062
proto_pollution_reconstruction: 4996.874570846558
