graph: 569.763584
import: 792
injection_detection: 91.77708625793457
injection_reconstruction: 0.023126602172851562
proto_pollution_detection: 3376.2118816375732
proto_pollution_reconstruction: 3259.2458724975586
