graph: 2645.46911
import: 1340
injection_detection: 240.77868461608887
injection_reconstruction: 237.72573471069336
proto_pollution_detection: 1164.379596710205
proto_pollution_reconstruction: 0.05626678466796875
