graph: 235.228709
import: 878
injection_detection: 1332.1008682250977
injection_reconstruction: 3465.953826904297
proto_pollution_detection: 179.88038063049316
proto_pollution_reconstruction: 0.028133392333984375
