graph: 20175.684259
import: 834
injection_detection: 1377.3396015167236
injection_reconstruction: 3228.7514209747314
proto_pollution_detection: 190.66119194030762
proto_pollution_reconstruction: 0.021457672119140625
