graph: 20009.832133
import: 954
injection_detection: 1464.9314880371094
injection_reconstruction: 3247.370719909668
proto_pollution_detection: 202.16798782348633
proto_pollution_reconstruction: 0.034809112548828125
