graph: 635.711667
import: 726
injection_detection: 105.21841049194336
injection_reconstruction: 1961.745023727417
proto_pollution_detection: 530.200719833374
proto_pollution_reconstruction: 0.020265579223632812
