graph: 622.954959
import: 727
injection_detection: 101.15218162536621
injection_reconstruction: 1877.314805984497
proto_pollution_detection: 456.77661895751953
proto_pollution_reconstruction: 0.0286102294921875
