graph: 164.296417
import: 836
injection_detection: 1216.1500453948975
injection_reconstruction: 2782.6762199401855
proto_pollution_detection: 132.48491287231445
proto_pollution_reconstruction: 0.018835067749023438
