graph: 552.890709
import: 662
injection_detection: 98.88648986816406
injection_reconstruction: 1505.9964656829834
proto_pollution_detection: 348.30427169799805
proto_pollution_reconstruction: 0.019073486328125
