graph: 689.241458
import: 1183
injection_detection: 107.14054107666016
injection_reconstruction: 1948.7419128417969
proto_pollution_detection: 499.8748302459717
proto_pollution_reconstruction: 0.015735626220703125
