graph: 615.606416
import: 1034
injection_detection: 102.15258598327637
injection_reconstruction: 1900.740385055542
proto_pollution_detection: 509.10091400146484
proto_pollution_reconstruction: 0.024318695068359375
