graph: 175.499334
import: 846
injection_detection: 1276.9052982330322
injection_reconstruction: 0.025987625122070312
proto_pollution_detection: 1456.4080238342285
proto_pollution_reconstruction: 3262.10618019104
