graph: 413.488875
import: 712
injection_detection: 83.0695629119873
injection_reconstruction: 0.01621246337890625
proto_pollution_detection: 1097.4862575531006
proto_pollution_reconstruction: 0.030994415283203125
