graph: 170.407927
import: 1166
injection_detection: 2235.2354526519775
proto_pollution_detection: 1666.6464805603027
