graph: 357.294292
import: 870
injection_detection: 113.66391181945801
injection_reconstruction: 0.015735626220703125
proto_pollution_detection: 2187.937021255493
proto_pollution_reconstruction: 0.16832351684570312
