graph: 385.834209
import: 654
injection_detection: 92.09728240966797
injection_reconstruction: 0.014543533325195312
proto_pollution_detection: 994.8616027832031
proto_pollution_reconstruction: 0.022649765014648438
