graph: 108.251583
import: 661
injection_detection: 1060.4803562164307
injection_reconstruction: 0.017642974853515625
proto_pollution_detection: 1066.4637088775635
proto_pollution_reconstruction: 2438.8506412506104
