graph: 153.708792
import: 997
injection_detection: 1498.2550144195557
injection_reconstruction: 0.031232833862304688
proto_pollution_detection: 1530.9128761291504
proto_pollution_reconstruction: 3425.14705657959
