graph: 310.875
import: 609
injection_detection: 85.3123664855957
injection_reconstruction: 0.019788742065429688
proto_pollution_detection: 654.5064449310303
proto_pollution_reconstruction: 0.03409385681152344
