graph: 16616.234757
import: 1243
injection_detection: 91.88389778137207
injection_reconstruction: 0.016927719116210938
proto_pollution_detection: 1207.470178604126
proto_pollution_reconstruction: 5089.476108551025
