graph: 9636.451213
import: 1649
injection_detection: 1415.424108505249
injection_reconstruction: 0.03266334533691406
proto_pollution_detection: 3269.8841094970703
