graph: 7453.766628
import: 1263
injection_detection: 1120.6517219543457
injection_reconstruction: 0.057220458984375
proto_pollution_detection: 2670.6762313842773
proto_pollution_reconstruction: 63041.84627532959
