graph: 9341.04788
import: 1438
injection_detection: 1363.318920135498
injection_reconstruction: 0.02193450927734375
proto_pollution_detection: 2946.550130844116
proto_pollution_reconstruction: 7969.701766967773
