graph: 9579.544338
import: 1512
injection_detection: 1603.7347316741943
injection_reconstruction: 0.022649765014648438
proto_pollution_detection: 3269.7794437408447
proto_pollution_reconstruction: 73371.44541740417
