graph: 16215.742091
import: 1346
injection_detection: 93.28126907348633
injection_reconstruction: 0.011444091796875
proto_pollution_detection: 1158.7567329406738
proto_pollution_reconstruction: 5128.635406494141
