graph: 21083.484926
import: 1370
injection_detection: 129.9304962158203
injection_reconstruction: 0.019788742065429688
proto_pollution_detection: 1093.0240154266357

Timed out
