graph: 16507.831508
import: 1386
injection_detection: 84.04088020324707
injection_reconstruction: 0.020742416381835938
proto_pollution_detection: 1449.183464050293

Timed out
