graph: 57846.544094
import: 3279
injection_detection: 2622.0755577087402

Timed out
