graph: 47510.21773
import: 1588
injection_detection: 1258.2859992980957
injection_reconstruction: 48632.48515129089

Timed out
