graph: 64957.962446
import: 2035
injection_detection: 1647.7384567260742
injection_reconstruction: 67067.33846664429

Timed out
