graph: 59569.87988
import: 3256
injection_detection: 1426.5592098236084

Timed out
