graph: 477.91025
import: 639
injection_detection: 205.20853996276855
injection_reconstruction: 3658.2586765289307
proto_pollution_detection: 509.6743106842041
proto_pollution_reconstruction: 0.018358230590820312
