graph: 527.965833
import: 654
injection_detection: 203.07540893554688
injection_reconstruction: 4031.792163848877
proto_pollution_detection: 538.0988121032715
proto_pollution_reconstruction: 0.035762786865234375
