graph: 515.279667
import: 739
injection_detection: 152.5895595550537
injection_reconstruction: 3620.558261871338
proto_pollution_detection: 411.94915771484375
proto_pollution_reconstruction: 0.019073486328125
