graph: 167.011708
import: 1022
injection_detection: 1322.946310043335
injection_reconstruction: 5110.42857170105
proto_pollution_detection: 169.18683052062988
proto_pollution_reconstruction: 0.04744529724121094
