graph: 466.809875
import: 662
injection_detection: 107.98382759094238
injection_reconstruction: 0.015020370483398438
proto_pollution_detection: 843.1413173675537
proto_pollution_reconstruction: 0.03933906555175781
