graph: 143.588917
import: 794
injection_detection: 1355.7476997375488
injection_reconstruction: 0.019550323486328125
proto_pollution_detection: 473.3726978302002
proto_pollution_reconstruction: 0.036716461181640625
