graph: 517.313792
import: 680
injection_detection: 106.48941993713379
injection_reconstruction: 0.016689300537109375
proto_pollution_detection: 829.4036388397217
proto_pollution_reconstruction: 0.016689300537109375
