graph: 159.569167
import: 859
injection_detection: 1405.8527946472168
injection_reconstruction: 0.018596649169921875
proto_pollution_detection: 449.30148124694824
proto_pollution_reconstruction: 0.019550323486328125
