graph: 131.115292
import: 842
injection_detection: 1272.9096412658691
injection_reconstruction: 0.0171661376953125
proto_pollution_detection: 402.6796817779541
proto_pollution_reconstruction: 0.025510787963867188
