graph: 869.755792
import: 711
injection_detection: 131.41465187072754
injection_reconstruction: 0.034809112548828125
proto_pollution_detection: 901.7605781555176
proto_pollution_reconstruction: 0.020503997802734375
