graph: 450.461084
import: 619
injection_detection: 97.44811058044434
injection_reconstruction: 0.016450881958007812
proto_pollution_detection: 451.1983394622803
proto_pollution_reconstruction: 0.023603439331054688
