graph: 3527.838593
import: 2253
injection_detection: 205.6105136871338
injection_reconstruction: 9998.217821121216
proto_pollution_detection: 492.04277992248535
proto_pollution_reconstruction: 0.03266334533691406
