graph: 84.640958
import: 725
injection_detection: 1206.5207958221436
injection_reconstruction: 0.0209808349609375
proto_pollution_detection: 501.91640853881836
proto_pollution_reconstruction: 0.019788742065429688
