graph: 102.967542
import: 1266
injection_detection: 1525.6383419036865
injection_reconstruction: 0.03337860107421875
proto_pollution_detection: 937.4785423278809
proto_pollution_reconstruction: 0.029325485229492188
