graph: 322.762709
import: 740
injection_detection: 197.04055786132812
injection_reconstruction: 0.02574920654296875
proto_pollution_detection: 945.9218978881836
proto_pollution_reconstruction: 0.03695487976074219
