graph: 261.463709
import: 566
injection_detection: 97.25165367126465
injection_reconstruction: 0.016689300537109375
proto_pollution_detection: 483.61849784851074
proto_pollution_reconstruction: 0.01811981201171875
