graph: 341.2775
import: 797
injection_detection: 168.959379196167
injection_reconstruction: 0.017881393432617188
proto_pollution_detection: 1086.2829685211182
proto_pollution_reconstruction: 0.02002716064453125
