graph: 96.057167
import: 689
injection_detection: 1238.990306854248
injection_reconstruction: 0.0247955322265625
proto_pollution_detection: 486.9108200073242
proto_pollution_reconstruction: 0.02384185791015625
