graph: 291.174
import: 593
injection_detection: 143.44429969787598
injection_reconstruction: 0.015735626220703125
proto_pollution_detection: 855.2470207214355
proto_pollution_reconstruction: 0.018358230590820312
