graph: 90.808756
import: 1446
injection_detection: 2264.6820545196533
proto_pollution_detection: 800.2438545227051
