graph: 302.720625
import: 1001
injection_detection: 1338.6943340301514
injection_reconstruction: 0.0209808349609375
proto_pollution_detection: 566.9615268707275
proto_pollution_reconstruction: 0.019788742065429688
