graph: 779.839709
import: 796
injection_detection: 78.63950729370117
injection_reconstruction: 0.015020370483398438
proto_pollution_detection: 853.4934520721436
proto_pollution_reconstruction: 0.0400543212890625
