graph: 640.593542
import: 669
injection_detection: 95.80206871032715
injection_reconstruction: 0.024318695068359375
proto_pollution_detection: 490.6933307647705
proto_pollution_reconstruction: 0.026464462280273438
