graph: 359.831208
import: 992
injection_detection: 1278.2487869262695
injection_reconstruction: 0.026941299438476562
proto_pollution_detection: 557.7683448791504
proto_pollution_reconstruction: 0.020265579223632812
