graph: 693.778126
import: 979
injection_detection: 90.45267105102539
injection_reconstruction: 0.020265579223632812
proto_pollution_detection: 803.9982318878174
proto_pollution_reconstruction: 0.025510787963867188
