graph: 685.711959
import: 825
injection_detection: 85.43920516967773
injection_reconstruction: 0.021457672119140625
proto_pollution_detection: 812.4697208404541
proto_pollution_reconstruction: 0.027894973754882812
