graph: 128.252141
import: 1181
injection_detection: 2212.041139602661
proto_pollution_detection: 754.615068435669
