graph: 2666.612033
import: 1256
injection_detection: 561.9645118713379
injection_reconstruction: 361.97876930236816
proto_pollution_detection: 2215.1849269866943
proto_pollution_reconstruction: 0.044345855712890625
