graph: 474.654416
import: 756
injection_detection: 173.43807220458984
injection_reconstruction: 11082.647323608398
proto_pollution_detection: 310.3017807006836
proto_pollution_reconstruction: 0.02574920654296875
