graph: 703.615792
import: 858
injection_detection: 311.9204044342041
injection_reconstruction: 13208.334684371948
proto_pollution_detection: 489.20607566833496
proto_pollution_reconstruction: 0.016927719116210938
