graph: 493.657792
import: 752
injection_detection: 339.80274200439453
injection_reconstruction: 12098.739385604858
proto_pollution_detection: 374.9411106109619
proto_pollution_reconstruction: 0.02002716064453125
