graph: 505.505209
import: 798
injection_detection: 319.5147514343262
injection_reconstruction: 13551.680088043213
proto_pollution_detection: 431.2751293182373
proto_pollution_reconstruction: 0.016689300537109375
