graph: 503.833126
import: 676
injection_detection: 217.56529808044434
injection_reconstruction: 2188.551425933838
proto_pollution_detection: 530.9889316558838
proto_pollution_reconstruction: 0.018835067749023438
