graph: 369.858667
import: 614
injection_detection: 201.36594772338867
injection_reconstruction: 1864.7289276123047
proto_pollution_detection: 437.9866123199463
proto_pollution_reconstruction: 0.018358230590820312
