graph: 629.772459
import: 1156
injection_detection: 1524.6286392211914
injection_reconstruction: 1992.2709465026855
proto_pollution_detection: 161.79442405700684
proto_pollution_reconstruction: 0.024557113647460938
