graph: 319.813208
import: 673
injection_detection: 1128.2958984375
injection_reconstruction: 1604.088306427002
proto_pollution_detection: 140.5949592590332
proto_pollution_reconstruction: 0.0209808349609375
