graph: 455.287876
import: 613
injection_detection: 221.8759059906006
injection_reconstruction: 1781.4834117889404
proto_pollution_detection: 431.86354637145996
proto_pollution_reconstruction: 0.011682510375976562
