graph: 145.616875
import: 887
injection_detection: 2051.4907836914062
injection_reconstruction: 3733.0644130706787
proto_pollution_detection: 329.0383815765381
proto_pollution_reconstruction: 0.04792213439941406
