graph: 429.484583
import: 608
injection_detection: 184.93080139160156
injection_reconstruction: 1780.9171676635742
proto_pollution_detection: 443.97902488708496
proto_pollution_reconstruction: 0.02384185791015625
