graph: 82.99
import: 621
injection_detection: 1132.5969696044922
injection_reconstruction: 1590.6429290771484
proto_pollution_detection: 122.28107452392578
proto_pollution_reconstruction: 0.02193450927734375
