graph: 383.282959
import: 557
injection_detection: 107.07783699035645
injection_reconstruction: 1317.5127506256104
proto_pollution_detection: 390.4275894165039
proto_pollution_reconstruction: 0.019311904907226562
