graph: 292.989375
import: 902
injection_detection: 1487.497329711914
injection_reconstruction: 1891.0365104675293
proto_pollution_detection: 169.70586776733398
proto_pollution_reconstruction: 0.024318695068359375
