graph: 2926.179425
import: 1437
injection_detection: 447.97563552856445
injection_reconstruction: 524.3358612060547
proto_pollution_detection: 2008.531093597412
proto_pollution_reconstruction: 0.044345855712890625
