graph: 174.541132
import: 1488
injection_detection: 2306.5786361694336
proto_pollution_detection: 798.9652156829834
