graph: 3434.330862
import: 1587
injection_detection: 239.23540115356445
injection_reconstruction: 792.5779819488525
proto_pollution_detection: 1776.2746810913086
proto_pollution_reconstruction: 0.03409385681152344
