graph: 2844.25037
import: 1372
injection_detection: 438.11798095703125
injection_reconstruction: 8896.882772445679
proto_pollution_detection: 864.9842739105225
proto_pollution_reconstruction: 0.03218650817871094
