graph: 1305.496959
import: 906
injection_detection: 89.28203582763672
injection_reconstruction: 4328.536748886108
proto_pollution_detection: 697.343111038208
proto_pollution_reconstruction: 439.86988067626953
