graph: 1226.204
import: 826
injection_detection: 93.86610984802246
injection_reconstruction: 3912.724733352661
proto_pollution_detection: 611.0188961029053
proto_pollution_reconstruction: 457.8127861022949
