graph: 704.26
import: 1194
injection_detection: 1409.473180770874
injection_reconstruction: 5070.555210113525
proto_pollution_detection: 1149.409294128418
proto_pollution_reconstruction: 1039.799690246582
