graph: 505.707959
import: 951
injection_detection: 1291.3494110107422
injection_reconstruction: 4396.720886230469
proto_pollution_detection: 990.0844097137451
proto_pollution_reconstruction: 881.2143802642822
