graph: 1390.792209
import: 1100
injection_detection: 80.73258399963379
injection_reconstruction: 4109.763622283936
proto_pollution_detection: 681.1325550079346
proto_pollution_reconstruction: 447.71289825439453
