graph: 1382.655876
import: 866
injection_detection: 92.04792976379395
injection_reconstruction: 4623.9893436431885
proto_pollution_detection: 1032.3748588562012
proto_pollution_reconstruction: 440.2961730957031
