graph: 2678.296089
import: 1511
injection_detection: 421.33569717407227
injection_reconstruction: 232.50746726989746
proto_pollution_detection: 1632.6422691345215
proto_pollution_reconstruction: 0.0438690185546875
