graph: 351.878792
import: 625
injection_detection: 184.02981758117676
injection_reconstruction: 2200.350046157837
proto_pollution_detection: 437.90650367736816
proto_pollution_reconstruction: 0.018835067749023438
