graph: 287.389083
import: 599
injection_detection: 218.8403606414795
injection_reconstruction: 2309.0593814849854
proto_pollution_detection: 448.5912322998047
proto_pollution_reconstruction: 0.019550323486328125
