graph: 283.034125
import: 593
injection_detection: 194.61607933044434
injection_reconstruction: 2083.4035873413086
proto_pollution_detection: 510.1437568664551
proto_pollution_reconstruction: 0.035762786865234375
