graph: 259.285584
import: 562
injection_detection: 108.4296703338623
injection_reconstruction: 1677.704095840454
proto_pollution_detection: 370.3010082244873
proto_pollution_reconstruction: 0.022172927856445312
