graph: 2857.182707
import: 1310
injection_detection: 457.0939540863037
injection_reconstruction: 480.44586181640625
proto_pollution_detection: 1333.0845832824707
proto_pollution_reconstruction: 0.03552436828613281
