graph: 2831.208547
import: 1098
injection_detection: 320.615291595459
injection_reconstruction: 316.6918754577637
proto_pollution_detection: 1592.9954051971436
proto_pollution_reconstruction: 0.041484832763671875
