graph: 129.29634
import: 1276
injection_detection: 2280.9016704559326
proto_pollution_detection: 838.7134075164795
