graph: 432.449292
import: 629
injection_detection: 184.56101417541504
injection_reconstruction: 0.016450881958007812
proto_pollution_detection: 864.3152713775635
proto_pollution_reconstruction: 0.017404556274414062
