graph: 475.113708
import: 668
injection_detection: 211.0600471496582
injection_reconstruction: 0.04100799560546875
proto_pollution_detection: 877.9652118682861
proto_pollution_reconstruction: 0.02288818359375
