graph: 94.762521
import: 1274
injection_detection: 2256.1287879943848
proto_pollution_detection: 789.405107498169
