graph: 2819.417547
import: 1458
injection_detection: 452.4102210998535
injection_reconstruction: 358.65044593811035
proto_pollution_detection: 1653.7094116210938
proto_pollution_reconstruction: 0.03504753112792969
