graph: 329.981042
import: 624
injection_detection: 238.9528751373291
injection_reconstruction: 4153.228044509888
proto_pollution_detection: 399.1208076477051
proto_pollution_reconstruction: 0.019788742065429688
