graph: 350.482542
import: 660
injection_detection: 188.4596347808838
injection_reconstruction: 5240.09108543396
proto_pollution_detection: 351.2136936187744
proto_pollution_reconstruction: 0.017881393432617188
