graph: 290.564542
import: 584
injection_detection: 126.5254020690918
injection_reconstruction: 4429.300308227539
proto_pollution_detection: 318.1178569793701
proto_pollution_reconstruction: 0.0171661376953125
