graph: 326.24575
import: 624
injection_detection: 238.78884315490723
injection_reconstruction: 5409.361362457275
proto_pollution_detection: 419.4514751434326
proto_pollution_reconstruction: 0.025510787963867188
