graph: 314.736375
import: 644
injection_detection: 200.0124454498291
injection_reconstruction: 5198.839902877808
proto_pollution_detection: 381.26444816589355
proto_pollution_reconstruction: 0.016927719116210938
