graph: 2335.096834
import: 1234
injection_detection: 105.05270957946777
injection_reconstruction: 0.01811981201171875
proto_pollution_detection: 967.6322937011719
proto_pollution_reconstruction: 3843.4503078460693
