graph: 2234.279209
import: 961
injection_detection: 81.12430572509766
injection_reconstruction: 0.016450881958007812
proto_pollution_detection: 919.5396900177002
proto_pollution_reconstruction: 3667.9904460906982
