graph: 2227.236834
import: 905
injection_detection: 87.39113807678223
injection_reconstruction: 0.027894973754882812
proto_pollution_detection: 694.688081741333
proto_pollution_reconstruction: 3589.6153450012207
