graph: 1375.204251
import: 1212
injection_detection: 1719.4013595581055
injection_reconstruction: 6134.308576583862
proto_pollution_detection: 515.589714050293
proto_pollution_reconstruction: 345.19457817077637
