graph: 2443.363168
import: 2435
injection_detection: 118.27754974365234
injection_reconstruction: 0.028848648071289062
proto_pollution_detection: 1208.878755569458
proto_pollution_reconstruction: 4367.067098617554
