graph: 1054.914709
import: 1659
injection_detection: 1236.5188598632812
injection_reconstruction: 5104.2938232421875
proto_pollution_detection: 585.2797031402588
proto_pollution_reconstruction: 262.606143951416
