graph: 1184.835864
import: 1956
injection_detection: 2436.0084533691406
proto_pollution_detection: 1744.9915409088135
