graph: 129.192198
import: 1401
injection_detection: 2353.7802696228027
proto_pollution_detection: 802.403450012207
