graph: 2812.126085
import: 1474
injection_detection: 403.3358097076416
injection_reconstruction: 392.72093772888184
proto_pollution_detection: 1641.9837474822998
proto_pollution_reconstruction: 0.04458427429199219
