graph: 342.091042
import: 653
injection_detection: 332.8366279602051
injection_reconstruction: 4067.9779052734375
proto_pollution_detection: 367.9518699645996
proto_pollution_reconstruction: 0.023603439331054688
