graph: 97.870848
import: 1118
injection_detection: 1973.5264778137207
proto_pollution_detection: 574.4025707244873
