graph: 2865.582919
import: 1213
injection_detection: 444.354772567749
injection_reconstruction: 522.5481986999512
proto_pollution_detection: 1822.5226402282715
proto_pollution_reconstruction: 0.034809112548828125
