graph: 335.090334
import: 659
injection_detection: 97.54776954650879
injection_reconstruction: 4143.4009075164795
proto_pollution_detection: 307.6200485229492
proto_pollution_reconstruction: 0.019311904907226562
