graph: 397.082417
import: 740
injection_detection: 114.57157135009766
injection_reconstruction: 4995.307922363281
proto_pollution_detection: 348.2494354248047
proto_pollution_reconstruction: 0.028371810913085938
