graph: 626.859501
import: 732
injection_detection: 98.28305244445801
injection_reconstruction: 4886.204719543457
proto_pollution_detection: 376.0333061218262
proto_pollution_reconstruction: 0.05888938903808594
