graph: 321.733625
import: 753
injection_detection: 108.27827453613281
injection_reconstruction: 4563.9588832855225
proto_pollution_detection: 350.53229331970215
proto_pollution_reconstruction: 0.021219253540039062
