graph: 438.561458
import: 645
injection_detection: 96.27032279968262
injection_reconstruction: 4551.668882369995
proto_pollution_detection: 293.69425773620605
proto_pollution_reconstruction: 0.01811981201171875
