graph: 98.201083
import: 626
injection_detection: 1141.305685043335
injection_reconstruction: 2880.894422531128
proto_pollution_detection: 115.56601524353027
proto_pollution_reconstruction: 0.019073486328125
