graph: 128.9695
import: 739
injection_detection: 1234.6267700195312
injection_reconstruction: 2988.8720512390137
proto_pollution_detection: 138.64994049072266
proto_pollution_reconstruction: 0.026941299438476562
