graph: 208.729334
import: 728
injection_detection: 1351.550817489624
injection_reconstruction: 4427.371978759766
proto_pollution_detection: 151.1218547821045
proto_pollution_reconstruction: 0.028848648071289062
