graph: 439.380917
import: 657
injection_detection: 97.2743034362793
injection_reconstruction: 4068.120002746582
proto_pollution_detection: 319.18811798095703
proto_pollution_reconstruction: 0.01621246337890625
