graph: 105.043416
import: 677
injection_detection: 1200.6208896636963
injection_reconstruction: 1568.9055919647217
proto_pollution_detection: 132.74288177490234
proto_pollution_reconstruction: 0.015735626220703125
