graph: 3293.072384
import: 1227
injection_detection: 119.57144737243652
injection_reconstruction: 12339.597463607788
proto_pollution_detection: 518.3107852935791
proto_pollution_reconstruction: 0.03170967102050781
