graph: 456.163458
import: 678
injection_detection: 90.9416675567627
injection_reconstruction: 3536.306381225586
proto_pollution_detection: 329.9880027770996
proto_pollution_reconstruction: 0.019788742065429688
