graph: 218.230959
import: 785
injection_detection: 1349.9977588653564
injection_reconstruction: 4551.135301589966
proto_pollution_detection: 132.0056915283203
proto_pollution_reconstruction: 0.0247955322265625
