graph: 433.25575
import: 626
injection_detection: 95.33524513244629
injection_reconstruction: 3466.0627841949463
proto_pollution_detection: 353.3041477203369
proto_pollution_reconstruction: 0.018358230590820312
