graph: 508.985292
import: 646
injection_detection: 97.3811149597168
injection_reconstruction: 4505.755186080933
proto_pollution_detection: 342.2360420227051
proto_pollution_reconstruction: 0.023126602172851562
