graph: 100.557667
import: 680
injection_detection: 1272.1302509307861
injection_reconstruction: 0.021457672119140625
proto_pollution_detection: 853.5888195037842
proto_pollution_reconstruction: 2046.5877056121826
