graph: 323.394375
import: 645
injection_detection: 137.34149932861328
injection_reconstruction: 0.016689300537109375
proto_pollution_detection: 1096.1782932281494
proto_pollution_reconstruction: 1219.3682193756104
