graph: 125.189083
import: 1444
injection_detection: 1684.7331523895264
injection_reconstruction: 0.08463859558105469
proto_pollution_detection: 989.0091419219971
proto_pollution_reconstruction: 2170.957565307617
