graph: 321.5165
import: 598
injection_detection: 93.78528594970703
injection_reconstruction: 0.017404556274414062
proto_pollution_detection: 994.3809509277344
proto_pollution_reconstruction: 1130.7542324066162
