graph: 376.751625
import: 713
injection_detection: 110.57209968566895
injection_reconstruction: 0.014781951904296875
proto_pollution_detection: 1230.175495147705
proto_pollution_reconstruction: 1268.1224346160889
