graph: 259.98125
import: 549
injection_detection: 119.01497840881348
injection_reconstruction: 0.018596649169921875
proto_pollution_detection: 625.6752014160156
proto_pollution_reconstruction: 1036.515712738037
