graph: 2829.498033
import: 1525
injection_detection: 214.13016319274902
injection_reconstruction: 0.045299530029296875
proto_pollution_detection: 2647.709369659424
proto_pollution_reconstruction: 2621.825933456421
