graph: 434.088251
import: 648
injection_detection: 88.4101390838623
injection_reconstruction: 0.015974044799804688
proto_pollution_detection: 455.5790424346924
proto_pollution_reconstruction: 0.024318695068359375
