graph: 330.12787
import: 1363
injection_detection: 1968.3759212493896
proto_pollution_detection: 860.6278896331787
