graph: 477.260167
import: 884
injection_detection: 88.13619613647461
injection_reconstruction: 0.01621246337890625
proto_pollution_detection: 757.36403465271
proto_pollution_reconstruction: 0.01811981201171875
