graph: 227.945792
import: 906
injection_detection: 1581.3381671905518
injection_reconstruction: 0.019788742065429688
proto_pollution_detection: 525.8133411407471
proto_pollution_reconstruction: 0.022649765014648438
