graph: 491.039625
import: 670
injection_detection: 80.98554611206055
injection_reconstruction: 0.02002716064453125
proto_pollution_detection: 809.0901374816895
proto_pollution_reconstruction: 0.018835067749023438
