graph: 455.614458
import: 747
injection_detection: 83.36997032165527
injection_reconstruction: 0.025510787963867188
proto_pollution_detection: 738.1381988525391
proto_pollution_reconstruction: 0.018358230590820312
