graph: 285.7715
import: 1023
injection_detection: 1268.5980796813965
injection_reconstruction: 0.030755996704101562
proto_pollution_detection: 533.7345600128174
proto_pollution_reconstruction: 0.02765655517578125
