graph: 398.212667
import: 644
injection_detection: 87.80550956726074
injection_reconstruction: 0.015974044799804688
proto_pollution_detection: 1091.7387008666992
proto_pollution_reconstruction: 4447.294235229492
