graph: 423.096291
import: 839
injection_detection: 188.07530403137207
injection_reconstruction: 0.0438690185546875
proto_pollution_detection: 1312.6981258392334
proto_pollution_reconstruction: 4597.294569015503
