graph: 379.02225
import: 750
injection_detection: 101.73845291137695
injection_reconstruction: 0.021696090698242188
proto_pollution_detection: 1145.4036235809326
proto_pollution_reconstruction: 4401.638507843018
