graph: 120.488917
import: 845
injection_detection: 1367.8796291351318
injection_reconstruction: 0.021219253540039062
proto_pollution_detection: 1256.2227249145508
proto_pollution_reconstruction: 6190.772294998169
