graph: 121.782523
import: 1380
injection_detection: 2067.150115966797
proto_pollution_detection: 2292.0150756835938
