graph: 313.382792
import: 633
injection_detection: 93.40143203735352
injection_reconstruction: 0.0152587890625
proto_pollution_detection: 835.0353240966797
proto_pollution_reconstruction: 4111.843109130859
