graph: 134.970792
import: 970
injection_detection: 1505.2094459533691
injection_reconstruction: 0.0476837158203125
proto_pollution_detection: 1768.4094905853271
proto_pollution_reconstruction: 2366.356134414673
