graph: 578.381042
import: 711
injection_detection: 120.18108367919922
injection_reconstruction: 0.020742416381835938
proto_pollution_detection: 1165.6861305236816
proto_pollution_reconstruction: 1659.3739986419678
