graph: 123.706125
import: 852
injection_detection: 1330.582618713379
injection_reconstruction: 0.018596649169921875
proto_pollution_detection: 935.650110244751
proto_pollution_reconstruction: 2070.686101913452
