graph: 407.474333
import: 678
injection_detection: 99.28679466247559
injection_reconstruction: 0.0171661376953125
proto_pollution_detection: 1052.0310401916504
proto_pollution_reconstruction: 1515.6896114349365
