graph: 371.287
import: 554
injection_detection: 103.83248329162598
injection_reconstruction: 0.02193450927734375
proto_pollution_detection: 729.3126583099365
proto_pollution_reconstruction: 1360.0447177886963
