graph: 434.260833
import: 648
injection_detection: 104.06899452209473
injection_reconstruction: 0.022411346435546875
proto_pollution_detection: 1163.2449626922607
proto_pollution_reconstruction: 1618.5758113861084
