graph: 3158.261796
import: 1483
injection_detection: 216.7212963104248
injection_reconstruction: 0.03790855407714844
proto_pollution_detection: 2167.7632331848145
proto_pollution_reconstruction: 2105.592727661133
