graph: 2841.603962
import: 1306
injection_detection: 423.2158660888672
injection_reconstruction: 395.7345485687256
proto_pollution_detection: 1559.7374439239502
proto_pollution_reconstruction: 0.025033950805664062
