graph: 131.677993
import: 1315
injection_detection: 2181.363582611084
proto_pollution_detection: 691.0059452056885
