graph: 502.297458
import: 782
injection_detection: 91.3841724395752
injection_reconstruction: 0.027179718017578125
proto_pollution_detection: 1257.544755935669
proto_pollution_reconstruction: 1776.8464088439941
