graph: 495.338083
import: 864
injection_detection: 76.45130157470703
injection_reconstruction: 0.017404556274414062
proto_pollution_detection: 1070.0116157531738
proto_pollution_reconstruction: 1581.4943313598633
