graph: 175.036917
import: 844
injection_detection: 1290.2753353118896
injection_reconstruction: 0.023365020751953125
proto_pollution_detection: 981.1916351318359
proto_pollution_reconstruction: 2238.079786300659
