graph: 3148.523758
import: 2157
injection_detection: 304.49986457824707
injection_reconstruction: 0.03933906555175781
proto_pollution_detection: 2428.957939147949
proto_pollution_reconstruction: 4249.72939491272
