graph: 405.967042
import: 626
injection_detection: 85.27898788452148
injection_reconstruction: 0.017404556274414062
proto_pollution_detection: 757.7567100524902
proto_pollution_reconstruction: 1481.811761856079
