graph: 459.860959
import: 753
injection_detection: 78.5362720489502
injection_reconstruction: 0.017881393432617188
proto_pollution_detection: 1070.7547664642334
proto_pollution_reconstruction: 1808.0127239227295
