graph: 658.891584
import: 666
injection_detection: 81.28213882446289
injection_reconstruction: 6616.7051792144775
proto_pollution_detection: 347.0156192779541
proto_pollution_reconstruction: 0.020503997802734375
