graph: 3231.962546
import: 1750
injection_detection: 188.98630142211914
injection_reconstruction: 11928.236722946167
proto_pollution_detection: 951.1075019836426
proto_pollution_reconstruction: 0.040531158447265625
