graph: 228.807001
import: 1309
injection_detection: 1803.840160369873
proto_pollution_detection: 638.4897232055664
