graph: 241.526397
import: 1517
injection_detection: 2312.6633167266846
proto_pollution_detection: 808.466911315918
