graph: 488.529167
import: 682
injection_detection: 110.91804504394531
injection_reconstruction: 1884.9008083343506
proto_pollution_detection: 373.12889099121094
proto_pollution_reconstruction: 0.019073486328125
