graph: 163.835708
import: 740
injection_detection: 1181.5924644470215
injection_reconstruction: 3224.6482372283936
proto_pollution_detection: 126.68895721435547
proto_pollution_reconstruction: 0.030755996704101562
