graph: 599.291834
import: 906
injection_detection: 96.71545028686523
injection_reconstruction: 2622.164011001587
proto_pollution_detection: 506.47854804992676
proto_pollution_reconstruction: 0.04267692565917969
