graph: 611.5675
import: 761
injection_detection: 88.80972862243652
injection_reconstruction: 2183.809757232666
proto_pollution_detection: 408.7109565734863
proto_pollution_reconstruction: 0.021457672119140625
