graph: 529.261792
import: 703
injection_detection: 92.80776977539062
injection_reconstruction: 2240.805149078369
proto_pollution_detection: 406.585693359375
proto_pollution_reconstruction: 0.0247955322265625
