graph: 4256.517474
import: 2856
injection_detection: 193.3729648590088
injection_reconstruction: 11669.309616088867
proto_pollution_detection: 613.2016181945801
proto_pollution_reconstruction: 0.033855438232421875
