graph: 406.103368
import: 1737
injection_detection: 2113.748788833618
proto_pollution_detection: 642.3168182373047
