graph: 893.253625
import: 816
injection_detection: 87.61429786682129
injection_reconstruction: 5987.11633682251
proto_pollution_detection: 314.7764205932617
proto_pollution_reconstruction: 0.023603439331054688
