graph: 3689.721797
import: 2416
injection_detection: 203.78661155700684
injection_reconstruction: 15960.255146026611
proto_pollution_detection: 495.0132369995117
proto_pollution_reconstruction: 0.03743171691894531
