graph: 125.373458
import: 894
injection_detection: 1335.4260921478271
injection_reconstruction: 0.020265579223632812
proto_pollution_detection: 1242.302417755127
proto_pollution_reconstruction: 4944.236755371094
