graph: 118.463584
import: 756
injection_detection: 1317.5990581512451
injection_reconstruction: 0.02193450927734375
proto_pollution_detection: 1107.6488494873047
proto_pollution_reconstruction: 4456.376552581787
