graph: 526.870084
import: 745
injection_detection: 138.33332061767578
injection_reconstruction: 0.021696090698242188
proto_pollution_detection: 1203.9995193481445
proto_pollution_reconstruction: 4364.181995391846
