graph: 107.87725
import: 1122
injection_detection: 1275.2437591552734
injection_reconstruction: 0.019311904907226562
proto_pollution_detection: 1023.198127746582
proto_pollution_reconstruction: 4474.560499191284
