graph: 133.915792
import: 930
injection_detection: 1387.3484134674072
injection_reconstruction: 0.019550323486328125
proto_pollution_detection: 1260.019302368164
proto_pollution_reconstruction: 6923.381805419922
