graph: 516.611542
import: 730
injection_detection: 116.3492202758789
injection_reconstruction: 0.015735626220703125
proto_pollution_detection: 1506.091594696045
proto_pollution_reconstruction: 4526.158332824707
