graph: 511.662459
import: 690
injection_detection: 94.9702262878418
injection_reconstruction: 0.018358230590820312
proto_pollution_detection: 1319.3778991699219
proto_pollution_reconstruction: 4485.653400421143
