graph: 486.304208
import: 760
injection_detection: 108.52456092834473
injection_reconstruction: 0.020742416381835938
proto_pollution_detection: 1516.5975093841553
proto_pollution_reconstruction: 3548.2592582702637
