graph: 379.063667
import: 631
injection_detection: 155.3046703338623
injection_reconstruction: 0.018358230590820312
proto_pollution_detection: 1634.9246501922607
proto_pollution_reconstruction: 4436.268329620361
