graph: 601.053542
import: 868
injection_detection: 149.9631404876709
injection_reconstruction: 0.02765655517578125
proto_pollution_detection: 1795.3214645385742
proto_pollution_reconstruction: 4982.781648635864
