graph: 130.976417
import: 730
injection_detection: 1082.8468799591064
injection_reconstruction: 0.0171661376953125
proto_pollution_detection: 1721.5957641601562
