graph: 167.536084
import: 956
injection_detection: 1325.3097534179688
injection_reconstruction: 0.029325485229492188
proto_pollution_detection: 1954.0085792541504
