graph: 350.75075
import: 631
injection_detection: 92.28920936584473
injection_reconstruction: 0.014543533325195312
proto_pollution_detection: 1100.2683639526367
proto_pollution_reconstruction: 4364.9115562438965
