graph: 431.0995
import: 655
injection_detection: 148.54121208190918
injection_reconstruction: 0.0171661376953125
proto_pollution_detection: 1563.0793571472168
proto_pollution_reconstruction: 4586.322546005249
