graph: 152.467184
import: 1377
injection_detection: 2094.68412399292
proto_pollution_detection: 2431.0522079467773
