graph: 1333.053959
import: 936
injection_detection: 86.08865737915039
injection_reconstruction: 4210.247993469238
proto_pollution_detection: 649.1389274597168
proto_pollution_reconstruction: 452.3463249206543
