graph: 686.014834
import: 1778
injection_detection: 1472.7303981781006
injection_reconstruction: 4679.2027950286865
proto_pollution_detection: 987.3197078704834
