graph: 634.414501
import: 1076
injection_detection: 1348.2763767242432
injection_reconstruction: 4971.689224243164
proto_pollution_detection: 1264.6865844726562
proto_pollution_reconstruction: 1246.9861507415771
