graph: 1600.459168
import: 1035
injection_detection: 107.62190818786621
injection_reconstruction: 4377.493143081665
proto_pollution_detection: 852.4932861328125
proto_pollution_reconstruction: 435.5175495147705
