graph: 659.176834
import: 1050
injection_detection: 1457.0670127868652
injection_reconstruction: 4644.253253936768
proto_pollution_detection: 1010.4150772094727
proto_pollution_reconstruction: 2943.145275115967
