graph: 554.697042
import: 911
injection_detection: 1287.923812866211
injection_reconstruction: 4494.30513381958
proto_pollution_detection: 1110.4881763458252
proto_pollution_reconstruction: 2982.789993286133
