graph: 1597.477584
import: 951
injection_detection: 113.87181282043457
injection_reconstruction: 4303.185939788818
proto_pollution_detection: 755.6858062744141
proto_pollution_reconstruction: 512.1095180511475
