graph: 4284.888117
import: 2626
injection_detection: 161.61084175109863
injection_reconstruction: 11943.40467453003
proto_pollution_detection: 929.4989109039307
proto_pollution_reconstruction: 902.3013114929199
