graph: 1406.271
import: 981
injection_detection: 101.61757469177246
injection_reconstruction: 3332.9501152038574
proto_pollution_detection: 1093.477725982666
proto_pollution_reconstruction: 462.51773834228516
