graph: 138.084084
import: 1089
injection_detection: 1303.7965297698975
injection_reconstruction: 0.02002716064453125
proto_pollution_detection: 995.3982830047607
proto_pollution_reconstruction: 2971.395254135132
