graph: 129.049
import: 965
injection_detection: 1383.2077980041504
injection_reconstruction: 0.019311904907226562
proto_pollution_detection: 1000.7312297821045
proto_pollution_reconstruction: 3113.7044429779053
