graph: 169.5525
import: 991
injection_detection: 1946.6769695281982
injection_reconstruction: 0.03314018249511719
proto_pollution_detection: 1760.516881942749
proto_pollution_reconstruction: 4818.4654712677
