graph: 372.006876
import: 687
injection_detection: 134.21964645385742
injection_reconstruction: 0.017881393432617188
proto_pollution_detection: 1005.394697189331
proto_pollution_reconstruction: 4257.039546966553
