graph: 138.795208
import: 817
injection_detection: 1359.6510887145996
injection_reconstruction: 0.06842613220214844
proto_pollution_detection: 980.4761409759521
proto_pollution_reconstruction: 3524.585247039795
