graph: 374.957251
import: 742
injection_detection: 125.5650520324707
injection_reconstruction: 0.018596649169921875
proto_pollution_detection: 859.6358299255371
proto_pollution_reconstruction: 4478.57403755188
