graph: 389.388708
import: 667
injection_detection: 117.99240112304688
injection_reconstruction: 0.016450881958007812
proto_pollution_detection: 1092.1580791473389
proto_pollution_reconstruction: 2844.982147216797
