graph: 386.237667
import: 754
injection_detection: 113.48986625671387
injection_reconstruction: 0.018358230590820312
proto_pollution_detection: 1213.9434814453125
proto_pollution_reconstruction: 4550.238847732544
