graph: 306.37125
import: 627
injection_detection: 310.474157333374
injection_reconstruction: 1277.9204845428467
proto_pollution_detection: 501.95837020874023
proto_pollution_reconstruction: 0.016689300537109375
