graph: 298.270167
import: 616
injection_detection: 237.4284267425537
injection_reconstruction: 1746.01411819458
proto_pollution_detection: 565.7260417938232
proto_pollution_reconstruction: 0.04220008850097656
