graph: 317.994584
import: 619
injection_detection: 200.1957893371582
injection_reconstruction: 1418.9233779907227
proto_pollution_detection: 509.9046230316162
proto_pollution_reconstruction: 0.019788742065429688
