graph: 254.35425
import: 555
injection_detection: 107.59210586547852
injection_reconstruction: 980.6818962097168
proto_pollution_detection: 397.7222442626953
proto_pollution_reconstruction: 0.017642974853515625
