graph: 258.203875
import: 924
injection_detection: 1185.4360103607178
injection_reconstruction: 0.030755996704101562
proto_pollution_detection: 835.953950881958
proto_pollution_reconstruction: 0.017642974853515625
