graph: 739.07475
import: 749
injection_detection: 92.12923049926758
injection_reconstruction: 0.016450881958007812
proto_pollution_detection: 1121.9534873962402
proto_pollution_reconstruction: 0.021219253540039062
