graph: 369.996583
import: 977
injection_detection: 1364.1834259033203
injection_reconstruction: 0.03170967102050781
proto_pollution_detection: 1012.0573043823242
proto_pollution_reconstruction: 0.018596649169921875
