graph: 745.683459
import: 779
injection_detection: 97.63383865356445
injection_reconstruction: 0.019311904907226562
proto_pollution_detection: 1378.1828880310059
proto_pollution_reconstruction: 0.019073486328125
