graph: 792.996167
import: 1007
injection_detection: 88.05990219116211
injection_reconstruction: 0.023603439331054688
proto_pollution_detection: 1489.3357753753662
proto_pollution_reconstruction: 0.026702880859375
