graph: 856.157126
import: 1244
injection_detection: 145.3096866607666
injection_reconstruction: 0.03170967102050781
proto_pollution_detection: 1679.4471740722656
proto_pollution_reconstruction: 0.039577484130859375
