graph: 2852.342512
import: 1493
injection_detection: 318.38321685791016
injection_reconstruction: 320.5065727233887
proto_pollution_detection: 1419.9879169464111
proto_pollution_reconstruction: 0.03719329833984375
