graph: 223.423834
import: 920
injection_detection: 1278.2118320465088
injection_reconstruction: 0.02765655517578125
proto_pollution_detection: 471.93408012390137
proto_pollution_reconstruction: 0.021696090698242188
