graph: 258.560334
import: 777
injection_detection: 1197.0415115356445
injection_reconstruction: 0.0171661376953125
proto_pollution_detection: 430.30309677124023
proto_pollution_reconstruction: 0.017881393432617188
