graph: 456.381626
import: 655
injection_detection: 103.58119010925293
injection_reconstruction: 0.018596649169921875
proto_pollution_detection: 743.9770698547363
proto_pollution_reconstruction: 3728.179454803467
