graph: 534.809209
import: 721
injection_detection: 153.5782814025879
injection_reconstruction: 0.02193450927734375
proto_pollution_detection: 1128.0667781829834
proto_pollution_reconstruction: 3859.530210494995
