graph: 259.97575
import: 1078
injection_detection: 1477.0472049713135
injection_reconstruction: 0.028133392333984375
proto_pollution_detection: 569.8482990264893
proto_pollution_reconstruction: 0.022649765014648438
