graph: 232.441238
import: 1375
injection_detection: 1929.3785095214844
proto_pollution_detection: 760.5290412902832
