graph: 602.554167
import: 862
injection_detection: 80.97290992736816
injection_reconstruction: 0.015735626220703125
proto_pollution_detection: 1108.3250045776367
proto_pollution_reconstruction: 4037.709951400757
