graph: 544.11325
import: 697
injection_detection: 81.92181587219238
injection_reconstruction: 0.019073486328125
proto_pollution_detection: 1086.1053466796875
proto_pollution_reconstruction: 3734.8947525024414
