graph: 126.835378
import: 1357
injection_detection: 2227.818012237549
proto_pollution_detection: 535.3081226348877
