graph: 2828.381407
import: 1492
injection_detection: 456.1018943786621
injection_reconstruction: 373.394250869751
proto_pollution_detection: 2099.248170852661
proto_pollution_reconstruction: 0.041484832763671875
