graph: 3259.148691
import: 1534
injection_detection: 387.08019256591797
injection_reconstruction: 6755.757808685303
proto_pollution_detection: 492.2454357147217
proto_pollution_reconstruction: 0.035762786865234375
