graph: 97.500292
import: 657
injection_detection: 1142.059564590454
injection_reconstruction: 2708.258628845215
proto_pollution_detection: 166.38970375061035
proto_pollution_reconstruction: 0.30612945556640625
