graph: 290.537041
import: 751
injection_detection: 1350.0752449035645
injection_reconstruction: 4989.50457572937
proto_pollution_detection: 98.87480735778809
proto_pollution_reconstruction: 0.022411346435546875
