graph: 545.865542
import: 922
injection_detection: 318.38488578796387
injection_reconstruction: 5530.890464782715
proto_pollution_detection: 300.48155784606934
proto_pollution_reconstruction: 0.020742416381835938
