graph: 121.987167
import: 792
injection_detection: 1264.5373344421387
injection_reconstruction: 2825.6936073303223
proto_pollution_detection: 159.3632698059082
proto_pollution_reconstruction: 0.017642974853515625
