graph: 442.950459
import: 690
injection_detection: 186.45453453063965
injection_reconstruction: 4267.884969711304
proto_pollution_detection: 288.316011428833
proto_pollution_reconstruction: 0.019073486328125
