graph: 441.444458
import: 636
injection_detection: 104.63762283325195
injection_reconstruction: 4613.301515579224
proto_pollution_detection: 296.1559295654297
proto_pollution_reconstruction: 0.0247955322265625
