graph: 524.737834
import: 621
injection_detection: 231.7183017730713
injection_reconstruction: 5297.708034515381
proto_pollution_detection: 338.13023567199707
proto_pollution_reconstruction: 0.024080276489257812
