graph: 560.450001
import: 1092
injection_detection: 211.7757797241211
injection_reconstruction: 4574.689865112305
proto_pollution_detection: 391.021728515625
proto_pollution_reconstruction: 0.02574920654296875
