graph: 283.16325
import: 846
injection_detection: 1444.542407989502
injection_reconstruction: 5055.685997009277
proto_pollution_detection: 113.12699317932129
proto_pollution_reconstruction: 0.026941299438476562
