graph: 284.3235
import: 586
injection_detection: 146.71063423156738
injection_reconstruction: 0.0133514404296875
proto_pollution_detection: 1131.1073303222656
proto_pollution_reconstruction: 1184.5219135284424
