graph: 95.493625
import: 800
injection_detection: 1222.217321395874
injection_reconstruction: 0.02765655517578125
proto_pollution_detection: 1162.5468730926514
proto_pollution_reconstruction: 2747.7588653564453
