graph: 2874.038087
import: 1405
injection_detection: 299.9610900878906
injection_reconstruction: 0.03743171691894531
proto_pollution_detection: 2114.0904426574707
proto_pollution_reconstruction: 1902.9064178466797
