graph: 88.112709
import: 673
injection_detection: 1127.897024154663
injection_reconstruction: 0.015735626220703125
proto_pollution_detection: 887.2921466827393
proto_pollution_reconstruction: 2186.756372451782
