graph: 118.95825
import: 806
injection_detection: 1297.3556518554688
injection_reconstruction: 0.029802322387695312
proto_pollution_detection: 923.314094543457
proto_pollution_reconstruction: 2316.244602203369
