graph: 358.092333
import: 738
injection_detection: 117.49100685119629
injection_reconstruction: 0.021696090698242188
proto_pollution_detection: 952.9874324798584
proto_pollution_reconstruction: 1296.8013286590576
