graph: 306.946834
import: 649
injection_detection: 163.6800765991211
injection_reconstruction: 0.019550323486328125
proto_pollution_detection: 1167.6321029663086
proto_pollution_reconstruction: 1205.6915760040283
