graph: 100.314333
import: 775
injection_detection: 1584.5820903778076
injection_reconstruction: 0.020265579223632812
proto_pollution_detection: 1057.1496486663818
proto_pollution_reconstruction: 2627.5928020477295
