graph: 114.483834
import: 876
injection_detection: 1456.0391902923584
injection_reconstruction: 0.030279159545898438
proto_pollution_detection: 1008.6870193481445
proto_pollution_reconstruction: 2347.9256629943848
