graph: 301.613917
import: 598
injection_detection: 148.4966278076172
injection_reconstruction: 0.015735626220703125
proto_pollution_detection: 1362.2379302978516
proto_pollution_reconstruction: 1222.311019897461
