graph: 2575.109898
import: 1325
injection_detection: 213.24443817138672
injection_reconstruction: 9502.075672149658
proto_pollution_detection: 1214.5721912384033
proto_pollution_reconstruction: 0.04220008850097656
