graph: 139.215495
import: 1378
injection_detection: 2017.2145366668701
proto_pollution_detection: 565.3319358825684
