graph: 135.122684
import: 1266
injection_detection: 2174.989700317383
proto_pollution_detection: 603.3878326416016
