graph: 269.984
import: 542
injection_detection: 111.18936538696289
injection_reconstruction: 1295.1107025146484
proto_pollution_detection: 462.25452423095703
proto_pollution_reconstruction: 0.015735626220703125
