graph: 385.182958
import: 678
injection_detection: 222.91970252990723
injection_reconstruction: 2217.3876762390137
proto_pollution_detection: 621.6216087341309
proto_pollution_reconstruction: 0.017881393432617188
