graph: 321.712208
import: 619
injection_detection: 190.09947776794434
injection_reconstruction: 1612.8320693969727
proto_pollution_detection: 627.8367042541504
proto_pollution_reconstruction: 0.018358230590820312
