graph: 487.586917
import: 704
injection_detection: 83.86564254760742
injection_reconstruction: 1418.1969165802002
proto_pollution_detection: 477.42748260498047
proto_pollution_reconstruction: 0.015735626220703125
