graph: 3098.820974
import: 1459
injection_detection: 155.19237518310547
injection_reconstruction: 3425.568103790283
proto_pollution_detection: 1172.2688674926758
proto_pollution_reconstruction: 0.0400543212890625
