graph: 236.112854
import: 1649
injection_detection: 2348.468542098999
proto_pollution_detection: 903.7895202636719
