graph: 454.668209
import: 667
injection_detection: 93.14203262329102
injection_reconstruction: 1533.492088317871
proto_pollution_detection: 506.08229637145996
proto_pollution_reconstruction: 0.01811981201171875
