graph: 389.046
import: 662
injection_detection: 122.57957458496094
injection_reconstruction: 1196.223258972168
proto_pollution_detection: 416.1651134490967
proto_pollution_reconstruction: 0.015735626220703125
