graph: 428.740626
import: 746
injection_detection: 171.86260223388672
injection_reconstruction: 1579.122543334961
proto_pollution_detection: 509.30166244506836
proto_pollution_reconstruction: 0.024080276489257812
