graph: 111.568875
import: 955
injection_detection: 1399.500846862793
injection_reconstruction: 0.026702880859375
proto_pollution_detection: 871.614933013916
proto_pollution_reconstruction: 1754.5723915100098
