graph: 346.621417
import: 666
injection_detection: 136.8415355682373
injection_reconstruction: 0.031232833862304688
proto_pollution_detection: 861.3576889038086
proto_pollution_reconstruction: 1294.4085597991943
