graph: 362.25225
import: 592
injection_detection: 193.38536262512207
injection_reconstruction: 0.017404556274414062
proto_pollution_detection: 1133.3205699920654
proto_pollution_reconstruction: 1189.2995834350586
