graph: 367.518709
import: 783
injection_detection: 207.16428756713867
injection_reconstruction: 0.017881393432617188
proto_pollution_detection: 1269.2368030548096
proto_pollution_reconstruction: 1409.5609188079834
