graph: 101.501334
import: 854
injection_detection: 1378.0975341796875
injection_reconstruction: 0.03933906555175781
proto_pollution_detection: 837.3889923095703
proto_pollution_reconstruction: 1655.8442115783691
