graph: 106.033
import: 931
injection_detection: 1352.508783340454
injection_reconstruction: 0.03361701965332031
proto_pollution_detection: 934.6990585327148
proto_pollution_reconstruction: 1697.0257759094238
