graph: 331.61325
import: 692
injection_detection: 203.53388786315918
injection_reconstruction: 0.024080276489257812
proto_pollution_detection: 1213.2256031036377
proto_pollution_reconstruction: 1272.1283435821533
