graph: 411.515875
import: 610
injection_detection: 100.36921501159668
injection_reconstruction: 4513.88144493103
proto_pollution_detection: 315.2914047241211
proto_pollution_reconstruction: 0.018835067749023438
