graph: 443.66775
import: 625
injection_detection: 109.80439186096191
injection_reconstruction: 4998.267412185669
proto_pollution_detection: 355.1318645477295
proto_pollution_reconstruction: 0.018358230590820312
