graph: 473.835708
import: 724
injection_detection: 96.59552574157715
injection_reconstruction: 5077.01301574707
proto_pollution_detection: 315.20962715148926
proto_pollution_reconstruction: 0.015974044799804688
