graph: 3441.879809
import: 1466
injection_detection: 119.99344825744629
injection_reconstruction: 0.03361701965332031
proto_pollution_detection: 2464.154005050659
proto_pollution_reconstruction: 12537.597179412842
