graph: 625.589584
import: 789
injection_detection: 97.46623039245605
injection_reconstruction: 0.017404556274414062
proto_pollution_detection: 1029.7584533691406
proto_pollution_reconstruction: 5043.674468994141
