graph: 581.507
import: 806
injection_detection: 90.67487716674805
injection_reconstruction: 0.019550323486328125
proto_pollution_detection: 958.5843086242676
proto_pollution_reconstruction: 4671.017169952393
