graph: 298.466622
import: 1499
injection_detection: 2229.321241378784
proto_pollution_detection: 1640.882968902588
