graph: 209.041958
import: 848
injection_detection: 1389.8305892944336
injection_reconstruction: 0.025033950805664062
proto_pollution_detection: 1159.2216491699219
proto_pollution_reconstruction: 6227.45156288147
