graph: 231.675334
import: 890
injection_detection: 1446.1727142333984
injection_reconstruction: 0.023126602172851562
proto_pollution_detection: 1373.6622333526611
proto_pollution_reconstruction: 91645.73574066162
