graph: 711.061792
import: 742
injection_detection: 112.3189926147461
injection_reconstruction: 0.017642974853515625
proto_pollution_detection: 1358.313798904419
proto_pollution_reconstruction: 4837.496042251587
