graph: 534.965875
import: 699
injection_detection: 95.29447555541992
injection_reconstruction: 0.02002716064453125
proto_pollution_detection: 712.078332901001
proto_pollution_reconstruction: 4718.322277069092
