graph: 169.501208
import: 792
injection_detection: 1169.8181629180908
injection_reconstruction: 0.04076957702636719
proto_pollution_detection: 1256.826400756836
proto_pollution_reconstruction: 5126.785516738892
