graph: 164.068375
import: 854
injection_detection: 1110.733985900879
injection_reconstruction: 0.01811981201171875
proto_pollution_detection: 1357.8081130981445
proto_pollution_reconstruction: 4307.367563247681
