graph: 3066.992908
import: 1337
injection_detection: 144.0572738647461
injection_reconstruction: 0.03457069396972656
proto_pollution_detection: 4582.823991775513
proto_pollution_reconstruction: 10468.639850616455
