graph: 349.689375
import: 730
injection_detection: 91.36247634887695
injection_reconstruction: 0.019311904907226562
proto_pollution_detection: 2298.3269691467285
proto_pollution_reconstruction: 3291.264533996582
