graph: 412.055916
import: 732
injection_detection: 87.15987205505371
injection_reconstruction: 0.018596649169921875
proto_pollution_detection: 2576.871633529663
proto_pollution_reconstruction: 3752.2592544555664
