graph: 3208.66576
import: 2037
injection_detection: 185.43362617492676
injection_reconstruction: 0.030994415283203125
proto_pollution_detection: 1849.4236469268799
proto_pollution_reconstruction: 10161.13543510437
