graph: 528.826292
import: 723
injection_detection: 95.66664695739746
injection_reconstruction: 0.020265579223632812
proto_pollution_detection: 690.7634735107422
proto_pollution_reconstruction: 3142.8067684173584
