graph: 602.907126
import: 845
injection_detection: 88.13357353210449
injection_reconstruction: 0.019073486328125
proto_pollution_detection: 1041.1393642425537
proto_pollution_reconstruction: 3883.239984512329
