graph: 566.127875
import: 779
injection_detection: 91.71128273010254
injection_reconstruction: 0.0171661376953125
proto_pollution_detection: 1037.7006530761719
proto_pollution_reconstruction: 3208.8165283203125
