graph: 282.491042
import: 1054
injection_detection: 1444.514513015747
injection_reconstruction: 0.018596649169921875
proto_pollution_detection: 1016.7789459228516
proto_pollution_reconstruction: 3521.056890487671
