graph: 594.979542
import: 1159
injection_detection: 84.32650566101074
injection_reconstruction: 0.01621246337890625
proto_pollution_detection: 946.49338722229
proto_pollution_reconstruction: 3452.399730682373
