graph: 390.090851
import: 1682
injection_detection: 2138.6046409606934
proto_pollution_detection: 1566.901683807373
