graph: 6776.916586
import: 1065
injection_detection: 88.86599540710449
injection_reconstruction: 0.016927719116210938
proto_pollution_detection: 731.9953441619873
proto_pollution_reconstruction: 3230.250120162964
