graph: 7389.286545
import: 1542
injection_detection: 93.85061264038086
injection_reconstruction: 0.024080276489257812
proto_pollution_detection: 1110.5763912200928
proto_pollution_reconstruction: 3431.0240745544434
