graph: 3658.731252
import: 1465
injection_detection: 1482.9738140106201
injection_reconstruction: 0.030517578125
proto_pollution_detection: 1608.6688041687012
proto_pollution_reconstruction: 3018.3804035186768
