graph: 6933.918712
import: 1314
injection_detection: 85.67094802856445
injection_reconstruction: 0.016927719116210938
proto_pollution_detection: 1089.9360179901123
proto_pollution_reconstruction: 3396.411418914795
