graph: 6851.382628
import: 1231
injection_detection: 93.92046928405762
injection_reconstruction: 0.0362396240234375
proto_pollution_detection: 1117.2878742218018
proto_pollution_reconstruction: 3667.0780181884766
