graph: 2979.03396
import: 1283
injection_detection: 1144.1092491149902
injection_reconstruction: 0.017642974853515625
proto_pollution_detection: 1286.8144512176514
proto_pollution_reconstruction: 3103.3756732940674
