graph: 424.242542
import: 670
injection_detection: 190.1407241821289
injection_reconstruction: 4827.843189239502
proto_pollution_detection: 316.74647331237793
proto_pollution_reconstruction: 0.017404556274414062
