graph: 489.041292
import: 701
injection_detection: 299.9446392059326
injection_reconstruction: 5065.102338790894
proto_pollution_detection: 355.3929328918457
proto_pollution_reconstruction: 0.017404556274414062
