graph: 401.723125
import: 565
injection_detection: 110.07308959960938
injection_reconstruction: 4316.1468505859375
proto_pollution_detection: 303.26366424560547
proto_pollution_reconstruction: 0.021457672119140625
