graph: 435.571542
import: 629
injection_detection: 193.31598281860352
injection_reconstruction: 3930.5553436279297
proto_pollution_detection: 326.0369300842285
proto_pollution_reconstruction: 0.026464462280273438
