graph: 302.592917
import: 1002
injection_detection: 1267.303466796875
injection_reconstruction: 3291.6104793548584
proto_pollution_detection: 135.25676727294922
proto_pollution_reconstruction: 0.016450881958007812
