graph: 742.901958
import: 760
injection_detection: 114.38345909118652
injection_reconstruction: 3122.941493988037
proto_pollution_detection: 391.05963706970215
proto_pollution_reconstruction: 0.020742416381835938
