graph: 302.20175
import: 985
injection_detection: 1185.9350204467773
injection_reconstruction: 2853.095293045044
proto_pollution_detection: 128.8759708404541
proto_pollution_reconstruction: 0.020265579223632812
