graph: 19694.41026
import: 1071
injection_detection: 1481.3032150268555
injection_reconstruction: 3883.248805999756
proto_pollution_detection: 148.98228645324707
proto_pollution_reconstruction: 0.02384185791015625
