graph: 19827.961676
import: 1083
injection_detection: 1428.410291671753
injection_reconstruction: 4206.9549560546875
proto_pollution_detection: 137.0079517364502
proto_pollution_reconstruction: 0.0209808349609375
