graph: 701.947833
import: 690
injection_detection: 82.39912986755371
injection_reconstruction: 3850.8081436157227
proto_pollution_detection: 331.0544490814209
proto_pollution_reconstruction: 0.019788742065429688
