graph: 775.961959
import: 787
injection_detection: 122.1001148223877
injection_reconstruction: 4153.731107711792
proto_pollution_detection: 359.9810600280762
proto_pollution_reconstruction: 0.024318695068359375
