graph: 707.006209
import: 704
injection_detection: 98.56772422790527
injection_reconstruction: 3238.9750480651855
proto_pollution_detection: 397.6907730102539
proto_pollution_reconstruction: 0.026702880859375
