graph: 732.485876
import: 786
injection_detection: 92.48852729797363
injection_reconstruction: 4237.190961837769
proto_pollution_detection: 407.91964530944824
proto_pollution_reconstruction: 0.0209808349609375
