graph: 413.509833
import: 683
injection_detection: 86.11774444580078
injection_reconstruction: 1763.0631923675537
proto_pollution_detection: 515.5375003814697
proto_pollution_reconstruction: 0.016927719116210938
