graph: 449.011542
import: 877
injection_detection: 197.0806121826172
injection_reconstruction: 2127.0382404327393
proto_pollution_detection: 481.6620349884033
proto_pollution_reconstruction: 0.0209808349609375
