graph: 340.749042
import: 671
injection_detection: 104.9046516418457
injection_reconstruction: 1387.9053592681885
proto_pollution_detection: 338.2375240325928
proto_pollution_reconstruction: 0.020265579223632812
