graph: 425.398375
import: 667
injection_detection: 86.62104606628418
injection_reconstruction: 1898.9930152893066
proto_pollution_detection: 401.94153785705566
proto_pollution_reconstruction: 0.026464462280273438
