graph: 942.130001
import: 1221
injection_detection: 1426.53489112854
injection_reconstruction: 0.022172927856445312
proto_pollution_detection: 1634.103536605835
proto_pollution_reconstruction: 31869.206190109253
