graph: 804.259126
import: 995
injection_detection: 1650.5231857299805
injection_reconstruction: 0.018358230590820312
proto_pollution_detection: 1831.5412998199463
proto_pollution_reconstruction: 28671.56481742859
