graph: 1034.175667
import: 1054
injection_detection: 1365.2782440185547
injection_reconstruction: 0.020742416381835938
proto_pollution_detection: 2203.1822204589844
proto_pollution_reconstruction: 31665.873765945435
