graph: 764.647042
import: 996
injection_detection: 1141.8483257293701
injection_reconstruction: 0.027894973754882812
proto_pollution_detection: 1441.5454864501953
proto_pollution_reconstruction: 22218.20306777954
