graph: 1780.622001
import: 1062
injection_detection: 87.15629577636719
injection_reconstruction: 0.022172927856445312
proto_pollution_detection: 1711.2648487091064
proto_pollution_reconstruction: 21120.29004096985
