graph: 2111.336751
import: 995
injection_detection: 112.01310157775879
injection_reconstruction: 0.021219253540039062
proto_pollution_detection: 1591.4788246154785
proto_pollution_reconstruction: 25914.716958999634
