graph: 2140.443918
import: 1091
injection_detection: 110.59784889221191
injection_reconstruction: 0.019311904907226562
proto_pollution_detection: 1896.0747718811035
proto_pollution_reconstruction: 7105.8642864227295
