graph: 1828.922793
import: 906
injection_detection: 98.80924224853516
injection_reconstruction: 0.016927719116210938
proto_pollution_detection: 1736.9418144226074
proto_pollution_reconstruction: 5796.7493534088135
