graph: 914.936917
import: 1610
injection_detection: 1421.1382865905762
injection_reconstruction: 0.025272369384765625
proto_pollution_detection: 1731.715440750122
proto_pollution_reconstruction: 12734.326362609863
