graph: 2880.361829
import: 1452
injection_detection: 476.69243812561035
injection_reconstruction: 405.75599670410156
proto_pollution_detection: 2194.1606998443604
proto_pollution_reconstruction: 0.044345855712890625
