graph: 140.092459
import: 1057
injection_detection: 1818.5570240020752
proto_pollution_detection: 626.2056827545166
