graph: 145.022835
import: 1291
injection_detection: 2231.6722869873047
proto_pollution_detection: 785.8059406280518
