graph: 2604.371741
import: 1598
injection_detection: 458.6312770843506
injection_reconstruction: 6638.092756271362
proto_pollution_detection: 514.7314071655273
proto_pollution_reconstruction: 0.03647804260253906
