graph: 365.452708
import: 651
injection_detection: 214.5395278930664
injection_reconstruction: 4286.730766296387
proto_pollution_detection: 356.31561279296875
proto_pollution_reconstruction: 0.023365020751953125
