graph: 486.175917
import: 714
injection_detection: 197.19648361206055
injection_reconstruction: 4250.088930130005
proto_pollution_detection: 376.4834403991699
proto_pollution_reconstruction: 0.016927719116210938
