graph: 415.613875
import: 636
injection_detection: 119.13299560546875
injection_reconstruction: 3684.512138366699
proto_pollution_detection: 351.978063583374
proto_pollution_reconstruction: 0.02384185791015625
