graph: 444.365458
import: 608
injection_detection: 202.6655673980713
injection_reconstruction: 2904.249429702759
proto_pollution_detection: 380.2192211151123
proto_pollution_reconstruction: 0.02193450927734375
