graph: 455.073667
import: 984
injection_detection: 254.44889068603516
injection_reconstruction: 4504.194974899292
proto_pollution_detection: 343.1403636932373
proto_pollution_reconstruction: 0.023365020751953125
