graph: 3032.717429
import: 2231
injection_detection: 418.3619022369385
injection_reconstruction: 7681.962728500366
proto_pollution_detection: 718.3136940002441
proto_pollution_reconstruction: 0.03552436828613281
