graph: 249.444905
import: 1399
injection_detection: 2034.7301959991455
proto_pollution_detection: 735.4147434234619
