graph: 2834.383904
import: 1440
injection_detection: 449.2156505584717
injection_reconstruction: 382.2805881500244
proto_pollution_detection: 1964.0753269195557
proto_pollution_reconstruction: 0.04029273986816406
