graph: 139.795383
import: 1083
injection_detection: 1996.048927307129
proto_pollution_detection: 578.7825584411621
