graph: 552.570292
import: 863
injection_detection: 232.73372650146484
injection_reconstruction: 0.031232833862304688
proto_pollution_detection: 1145.4882621765137
proto_pollution_reconstruction: 0.0171661376953125
