graph: 522.738583
import: 661
injection_detection: 84.84482765197754
injection_reconstruction: 0.017881393432617188
proto_pollution_detection: 478.56783866882324
proto_pollution_reconstruction: 0.01811981201171875
