graph: 268.526417
import: 825
injection_detection: 1261.404275894165
injection_reconstruction: 0.02956390380859375
proto_pollution_detection: 479.5677661895752
proto_pollution_reconstruction: 0.021219253540039062
