graph: 310.327584
import: 995
injection_detection: 1432.6810836791992
injection_reconstruction: 0.03838539123535156
proto_pollution_detection: 511.0635757446289
proto_pollution_reconstruction: 0.02288818359375
