graph: 563.513126
import: 767
injection_detection: 79.23293113708496
injection_reconstruction: 0.02574920654296875
proto_pollution_detection: 742.9215908050537
proto_pollution_reconstruction: 0.027418136596679688
