graph: 539.602
import: 772
injection_detection: 87.67151832580566
injection_reconstruction: 0.015497207641601562
proto_pollution_detection: 792.5572395324707
proto_pollution_reconstruction: 0.019788742065429688
