graph: 197.432542
import: 797
injection_detection: 1347.2700119018555
injection_reconstruction: 0.030517578125
proto_pollution_detection: 1032.3832035064697
proto_pollution_reconstruction: 1804.4183254241943
