graph: 495.535626
import: 733
injection_detection: 195.9230899810791
injection_reconstruction: 0.024557113647460938
proto_pollution_detection: 957.9005241394043
proto_pollution_reconstruction: 1771.8360424041748
