graph: 592.516751
import: 661
injection_detection: 179.0478229522705
injection_reconstruction: 0.02002716064453125
proto_pollution_detection: 907.6731204986572
proto_pollution_reconstruction: 1613.2793426513672
