graph: 2960.916373
import: 1965
injection_detection: 442.6577091217041
injection_reconstruction: 0.036716461181640625
proto_pollution_detection: 2107.975482940674
proto_pollution_reconstruction: 2445.805311203003
