graph: 168.886542
import: 958
injection_detection: 1370.58687210083
injection_reconstruction: 0.023603439331054688
proto_pollution_detection: 868.9460754394531
proto_pollution_reconstruction: 1970.125675201416
