graph: 553.297209
import: 798
injection_detection: 150.31886100769043
injection_reconstruction: 0.019550323486328125
proto_pollution_detection: 658.6518287658691
proto_pollution_reconstruction: 1674.7915744781494
