graph: 562.921959
import: 932
injection_detection: 209.1052532196045
injection_reconstruction: 0.020742416381835938
proto_pollution_detection: 1076.0936737060547
proto_pollution_reconstruction: 1713.9701843261719
