graph: 166.336041
import: 1238
injection_detection: 1346.540927886963
injection_reconstruction: 0.02956390380859375
proto_pollution_detection: 906.8300724029541
proto_pollution_reconstruction: 1706.8169116973877
