graph: 170.533792
import: 957
injection_detection: 1878.3538341522217
injection_reconstruction: 0.024557113647460938
proto_pollution_detection: 883.5186958312988
proto_pollution_reconstruction: 1856.8053245544434
