graph: 2877.633189
import: 1292
injection_detection: 289.7305488586426
injection_reconstruction: 0.03337860107421875
proto_pollution_detection: 3052.398204803467
proto_pollution_reconstruction: 12502.48646736145
