graph: 456.772792
import: 871
injection_detection: 207.78274536132812
injection_reconstruction: 0.017881393432617188
proto_pollution_detection: 1742.0275211334229
proto_pollution_reconstruction: 4604.212284088135
