graph: 140.535458
import: 790
injection_detection: 1351.8753051757812
injection_reconstruction: 0.04267692565917969
proto_pollution_detection: 2308.016777038574
proto_pollution_reconstruction: 7449.630975723267
