graph: 309.636875
import: 676
injection_detection: 163.8650894165039
injection_reconstruction: 0.017642974853515625
proto_pollution_detection: 1524.0943431854248
proto_pollution_reconstruction: 4458.186626434326
