graph: 108.010458
import: 829
injection_detection: 1297.6889610290527
injection_reconstruction: 0.018358230590820312
proto_pollution_detection: 1802.1817207336426
proto_pollution_reconstruction: 7448.185443878174
