graph: 388.143083
import: 657
injection_detection: 232.3598861694336
injection_reconstruction: 0.017642974853515625
proto_pollution_detection: 1512.6869678497314
proto_pollution_reconstruction: 4549.766063690186
