graph: 307.580167
import: 615
injection_detection: 103.00517082214355
injection_reconstruction: 0.014543533325195312
proto_pollution_detection: 1056.9486618041992
proto_pollution_reconstruction: 4374.526023864746
