graph: 3422.788583
import: 1297
injection_detection: 202.7573585510254
injection_reconstruction: 9393.993139266968
proto_pollution_detection: 1248.4912872314453
proto_pollution_reconstruction: 0.037670135498046875
