graph: 255.833084
import: 975
injection_detection: 1372.5159168243408

Timed out
