graph: 403.604667
import: 627
injection_detection: 165.9846305847168
injection_reconstruction: 5764.784574508667
proto_pollution_detection: 320.7218647003174
proto_pollution_reconstruction: 0.018835067749023438
