graph: 468.152208
import: 633
injection_detection: 135.0255012512207
injection_reconstruction: 6369.858980178833
proto_pollution_detection: 460.76107025146484
proto_pollution_reconstruction: 0.023603439331054688
