graph: 719.348834
import: 697
injection_detection: 123.99458885192871
injection_reconstruction: 5559.995174407959
proto_pollution_detection: 325.1669406890869
proto_pollution_reconstruction: 0.020503997802734375
