graph: 244.362584
import: 937
injection_detection: 1274.1355895996094

Timed out
