graph: 594.68
import: 782
injection_detection: 236.32049560546875
injection_reconstruction: 1620.3546524047852
proto_pollution_detection: 442.5687789916992
proto_pollution_reconstruction: 0.030755996704101562
