graph: 543.718542
import: 631
injection_detection: 240.91315269470215
injection_reconstruction: 2740.66424369812
proto_pollution_detection: 401.1962413787842
proto_pollution_reconstruction: 0.02288818359375
