graph: 559.134917
import: 692
injection_detection: 248.94428253173828
injection_reconstruction: 1526.4308452606201
proto_pollution_detection: 394.2248821258545
proto_pollution_reconstruction: 0.019550323486328125
