graph: 129.791875
import: 710
injection_detection: 1134.2837810516357
injection_reconstruction: 0.016689300537109375
proto_pollution_detection: 359.78031158447266
proto_pollution_reconstruction: 0.017642974853515625
