graph: 199.745041
import: 1050
injection_detection: 1538.7897491455078
injection_reconstruction: 0.02288818359375
proto_pollution_detection: 518.7621116638184
proto_pollution_reconstruction: 0.022411346435546875
