graph: 830.034501
import: 880
injection_detection: 1431.6651821136475
injection_reconstruction: 0.019788742065429688
proto_pollution_detection: 462.8617763519287
proto_pollution_reconstruction: 0.02193450927734375
