graph: 609.307501
import: 716
injection_detection: 274.1129398345947
injection_reconstruction: 2777.0016193389893
proto_pollution_detection: 437.26611137390137
proto_pollution_reconstruction: 0.015735626220703125
