graph: 528.167875
import: 680
injection_detection: 184.92698669433594
injection_reconstruction: 1312.7059936523438
proto_pollution_detection: 366.3599491119385
proto_pollution_reconstruction: 0.022172927856445312
