graph: 793.42
import: 839
injection_detection: 1330.0883769989014
injection_reconstruction: 0.022649765014648438
proto_pollution_detection: 450.0255584716797
proto_pollution_reconstruction: 0.020265579223632812
