graph: 411.178209
import: 625
injection_detection: 128.35407257080078
injection_reconstruction: 3735.6154918670654
proto_pollution_detection: 347.4423885345459
proto_pollution_reconstruction: 0.019073486328125
