graph: 554.32575
import: 616
injection_detection: 191.7564868927002
injection_reconstruction: 3734.5924377441406
proto_pollution_detection: 448.4701156616211
proto_pollution_reconstruction: 0.020503997802734375
