graph: 557.758876
import: 724
injection_detection: 201.10559463500977
injection_reconstruction: 3265.397787094116
proto_pollution_detection: 422.21832275390625
proto_pollution_reconstruction: 0.019788742065429688
