graph: 658.091792
import: 659
injection_detection: 102.09488868713379
injection_reconstruction: 4358.335494995117
proto_pollution_detection: 395.6456184387207
proto_pollution_reconstruction: 0.02288818359375
