graph: 3743.298474
import: 1943
injection_detection: 238.89541625976562
injection_reconstruction: 8260.910749435425
proto_pollution_detection: 551.2571334838867
proto_pollution_reconstruction: 0.03218650817871094
