graph: 482.452834
import: 928
injection_detection: 122.12395668029785
injection_reconstruction: 4567.7855014801025
proto_pollution_detection: 775.4354476928711
proto_pollution_reconstruction: 200.00219345092773
