graph: 439.68725
import: 648
injection_detection: 94.1934585571289
injection_reconstruction: 3891.256332397461
proto_pollution_detection: 492.8107261657715
proto_pollution_reconstruction: 162.65487670898438
