graph: 189.116333
import: 813
injection_detection: 1421.9841957092285
injection_reconstruction: 4838.146924972534
proto_pollution_detection: 401.5209674835205
proto_pollution_reconstruction: 188.9042854309082
