graph: 216.977583
import: 955
injection_detection: 1436.4702701568604
injection_reconstruction: 4366.530179977417
proto_pollution_detection: 462.9635810852051
proto_pollution_reconstruction: 185.0874423980713
