graph: 315.467494
import: 1182
injection_detection: 1940.6752586364746
proto_pollution_detection: 1327.2678852081299
