graph: 529.341584
import: 715
injection_detection: 111.56439781188965
injection_reconstruction: 4453.380346298218
proto_pollution_detection: 573.6584663391113
proto_pollution_reconstruction: 178.48634719848633
