graph: 308.274544
import: 1369
injection_detection: 1778.9716720581055
proto_pollution_detection: 1396.0354328155518
