graph: 3255.0431
import: 1468
injection_detection: 183.86530876159668
injection_reconstruction: 11696.49600982666
proto_pollution_detection: 776.0000228881836
proto_pollution_reconstruction: 340.96431732177734
