graph: 523.930251
import: 744
injection_detection: 109.48038101196289
injection_reconstruction: 3954.1983604431152
proto_pollution_detection: 590.5282497406006
proto_pollution_reconstruction: 142.52495765686035
