graph: 2987.984574
import: 2087
injection_detection: 416.3050651550293
injection_reconstruction: 7541.548252105713
proto_pollution_detection: 571.3777542114258
proto_pollution_reconstruction: 0.0324249267578125
