graph: 211.355055
import: 1392
injection_detection: 2126.81245803833
proto_pollution_detection: 716.407299041748
