graph: 974.84625
import: 1056
injection_detection: 190.49763679504395
injection_reconstruction: 9908.58244895935
proto_pollution_detection: 356.597900390625
proto_pollution_reconstruction: 0.01621246337890625
