graph: 412.758
import: 936
injection_detection: 1426.119327545166
injection_reconstruction: 14857.571125030518
proto_pollution_detection: 143.8589096069336
proto_pollution_reconstruction: 0.016927719116210938
