graph: 975.16975
import: 908
injection_detection: 268.0788040161133
injection_reconstruction: 12892.859935760498
proto_pollution_detection: 496.2122440338135
proto_pollution_reconstruction: 0.016927719116210938
