graph: 926.254625
import: 771
injection_detection: 164.6561622619629
injection_reconstruction: 9614.147663116455
proto_pollution_detection: 404.63948249816895
proto_pollution_reconstruction: 0.03337860107421875
