graph: 993.302542
import: 828
injection_detection: 186.26165390014648
injection_reconstruction: 10184.57818031311
proto_pollution_detection: 392.35424995422363
proto_pollution_reconstruction: 0.022172927856445312
