graph: 1851.219709
import: 903
injection_detection: 85.18171310424805
injection_reconstruction: 0.018596649169921875
proto_pollution_detection: 764.7852897644043
proto_pollution_reconstruction: 0.024318695068359375
