graph: 983.187376
import: 1236
injection_detection: 1382.326602935791
injection_reconstruction: 0.03218650817871094
proto_pollution_detection: 488.2240295410156
proto_pollution_reconstruction: 0.024557113647460938
