graph: 976.951875
import: 1136
injection_detection: 1423.682451248169
injection_reconstruction: 0.06890296936035156
proto_pollution_detection: 503.5431385040283
proto_pollution_reconstruction: 0.0324249267578125
