graph: 870.644334
import: 1064
injection_detection: 1523.6258506774902
injection_reconstruction: 0.03147125244140625
proto_pollution_detection: 557.781457901001
proto_pollution_reconstruction: 0.024080276489257812
