graph: 1785.643335
import: 945
injection_detection: 102.73241996765137
injection_reconstruction: 0.0152587890625
proto_pollution_detection: 720.928430557251
proto_pollution_reconstruction: 0.019788742065429688
