graph: 1021.921417
import: 1418
injection_detection: 1507.805347442627
injection_reconstruction: 0.030755996704101562
proto_pollution_detection: 666.3060188293457
proto_pollution_reconstruction: 0.032901763916015625
