graph: 1949.491876
import: 958
injection_detection: 112.2283935546875
injection_reconstruction: 0.01621246337890625
proto_pollution_detection: 768.3665752410889
proto_pollution_reconstruction: 0.017642974853515625
