graph: 2313.638501
import: 1087
injection_detection: 116.56856536865234
injection_reconstruction: 0.025987625122070312
proto_pollution_detection: 631.0179233551025
proto_pollution_reconstruction: 0.020742416381835938
