graph: 3248.34431
import: 1498
injection_detection: 403.6991596221924
injection_reconstruction: 448.9622116088867
proto_pollution_detection: 1733.4585189819336
proto_pollution_reconstruction: 0.041961669921875
