graph: 160.617413
import: 1266
injection_detection: 2296.621084213257
proto_pollution_detection: 852.898120880127
