graph: 2794.405015
import: 1090
injection_detection: 363.23022842407227
injection_reconstruction: 420.09878158569336
proto_pollution_detection: 1906.47292137146
proto_pollution_reconstruction: 0.04124641418457031
