graph: 3987.031426
import: 2388
injection_detection: 269.7300910949707
injection_reconstruction: 12170.838832855225
proto_pollution_detection: 546.8902587890625
proto_pollution_reconstruction: 0.03981590270996094
