graph: 178.290625
import: 997
injection_detection: 1594.491720199585
injection_reconstruction: 0.024080276489257812
proto_pollution_detection: 1612.4670505523682
proto_pollution_reconstruction: 6019.185781478882
