graph: 445.173167
import: 607
injection_detection: 92.3914909362793
injection_reconstruction: 0.015974044799804688
proto_pollution_detection: 904.3619632720947
proto_pollution_reconstruction: 3372.1837997436523
