graph: 160.829
import: 790
injection_detection: 1364.8889064788818
injection_reconstruction: 0.0209808349609375
proto_pollution_detection: 1431.8811893463135
proto_pollution_reconstruction: 7520.132064819336
