graph: 675.555375
import: 714
injection_detection: 104.68459129333496
injection_reconstruction: 0.016689300537109375
proto_pollution_detection: 1233.62398147583
proto_pollution_reconstruction: 3945.500612258911
