graph: 466.544376
import: 638
injection_detection: 104.68888282775879
injection_reconstruction: 0.019788742065429688
proto_pollution_detection: 1173.3317375183105
proto_pollution_reconstruction: 3711.4417552948
