graph: 137.97375
import: 987
injection_detection: 1476.801872253418
injection_reconstruction: 0.025987625122070312
proto_pollution_detection: 2021.3983058929443
proto_pollution_reconstruction: 7798.679351806641
