graph: 166.773042
import: 1023
injection_detection: 2277.7748107910156
injection_reconstruction: 0.05125999450683594
proto_pollution_detection: 2031.7718982696533
proto_pollution_reconstruction: 10945.485353469849
