graph: 509.080875
import: 628
injection_detection: 111.59634590148926
injection_reconstruction: 0.04887580871582031
proto_pollution_detection: 1273.348331451416
proto_pollution_reconstruction: 2606.157064437866
