graph: 180.5975
import: 1115
injection_detection: 2174.015760421753
injection_reconstruction: 0.028848648071289062
proto_pollution_detection: 1832.3023319244385
proto_pollution_reconstruction: 8018.976211547852
