graph: 2578.82893
import: 1378
injection_detection: 454.35523986816406
injection_reconstruction: 519.8211669921875
proto_pollution_detection: 1885.4026794433594
proto_pollution_reconstruction: 0.04100799560546875
