graph: 442.98875
import: 680
injection_detection: 94.35415267944336
injection_reconstruction: 0.03743171691894531
proto_pollution_detection: 1729.9282550811768
proto_pollution_reconstruction: 1839.5378589630127
