graph: 436.145542
import: 695
injection_detection: 109.13729667663574
injection_reconstruction: 0.015497207641601562
proto_pollution_detection: 2100.874900817871
proto_pollution_reconstruction: 2476.2580394744873
