graph: 360.664
import: 606
injection_detection: 91.89534187316895
injection_reconstruction: 0.02002716064453125
proto_pollution_detection: 1170.8950996398926
proto_pollution_reconstruction: 1628.9582252502441
