graph: 232.175207
import: 1107
injection_detection: 1780.576229095459
proto_pollution_detection: 1496.534824371338
