graph: 390.733792
import: 673
injection_detection: 77.54802703857422
injection_reconstruction: 0.017404556274414062
proto_pollution_detection: 1465.5745029449463
proto_pollution_reconstruction: 1711.3568782806396
