graph: 166.579083
import: 762
injection_detection: 1268.4669494628906
injection_reconstruction: 0.017642974853515625
proto_pollution_detection: 1139.8873329162598
proto_pollution_reconstruction: 2710.24227142334
