graph: 190.008334
import: 1254
injection_detection: 1478.0385494232178
injection_reconstruction: 0.027179718017578125
proto_pollution_detection: 1388.6466026306152
proto_pollution_reconstruction: 3987.8671169281006
