graph: 744.598
import: 831
injection_detection: 203.63378524780273
injection_reconstruction: 5862.724781036377
proto_pollution_detection: 321.92516326904297
proto_pollution_reconstruction: 0.01811981201171875
