graph: 822.466834
import: 873
injection_detection: 221.43936157226562
injection_reconstruction: 6233.6108684539795
proto_pollution_detection: 374.8445510864258
proto_pollution_reconstruction: 0.043392181396484375
