graph: 762.956709
import: 1010
injection_detection: 201.42245292663574
injection_reconstruction: 5678.121566772461
proto_pollution_detection: 339.8430347442627
proto_pollution_reconstruction: 0.026702880859375
