graph: 326.703333
import: 1390
injection_detection: 1413.362741470337
injection_reconstruction: 7516.688346862793
proto_pollution_detection: 102.35238075256348
proto_pollution_reconstruction: 0.015020370483398438
