graph: 3574.60533
import: 2300
injection_detection: 357.9385280609131
injection_reconstruction: 14255.070447921753
proto_pollution_detection: 544.252872467041
proto_pollution_reconstruction: 0.03981590270996094
