graph: 699.120833
import: 752
injection_detection: 113.32535743713379
injection_reconstruction: 5077.702760696411
proto_pollution_detection: 339.7960662841797
proto_pollution_reconstruction: 0.025510787963867188
