graph: 434.728508
import: 1983
injection_detection: 2255.8605670928955
proto_pollution_detection: 765.8026218414307
