graph: 668.203417
import: 793
injection_detection: 96.65250778198242
injection_reconstruction: 0.018358230590820312
proto_pollution_detection: 691.7107105255127
proto_pollution_reconstruction: 0.017404556274414062
