graph: 738.987292
import: 769
injection_detection: 124.95827674865723
injection_reconstruction: 0.016689300537109375
proto_pollution_detection: 500.4291534423828
proto_pollution_reconstruction: 0.026226043701171875
