graph: 1306.813167
import: 908
injection_detection: 1382.5101852416992
injection_reconstruction: 5386.1072063446045
proto_pollution_detection: 104.42805290222168
proto_pollution_reconstruction: 0.02956390380859375
