graph: 453.655167
import: 671
injection_detection: 93.0624008178711
injection_reconstruction: 4599.506855010986
proto_pollution_detection: 302.9913902282715
proto_pollution_reconstruction: 0.020265579223632812
