graph: 390.923292
import: 645
injection_detection: 93.90902519226074
injection_reconstruction: 5351.748943328857
proto_pollution_detection: 305.28950691223145
proto_pollution_reconstruction: 0.024318695068359375
