graph: 1295.556209
import: 882
injection_detection: 1815.8369064331055
injection_reconstruction: 5603.971004486084
proto_pollution_detection: 125.71191787719727
proto_pollution_reconstruction: 0.019311904907226562
