graph: 143.058001
import: 955
injection_detection: 1951.3044357299805
injection_reconstruction: 5752.331733703613
proto_pollution_detection: 168.29586029052734
proto_pollution_reconstruction: 0.022649765014648438
