graph: 351.887126
import: 639
injection_detection: 91.44043922424316
injection_reconstruction: 4773.017644882202
proto_pollution_detection: 297.20282554626465
proto_pollution_reconstruction: 0.025987625122070312
