graph: 392.021667
import: 657
injection_detection: 102.74362564086914
injection_reconstruction: 5244.3976402282715
proto_pollution_detection: 338.98091316223145
proto_pollution_reconstruction: 0.025987625122070312
