graph: 358.663084
import: 615
injection_detection: 117.50030517578125
injection_reconstruction: 4332.188367843628
proto_pollution_detection: 321.68006896972656
proto_pollution_reconstruction: 0.016450881958007812
