graph: 117.062666
import: 664
injection_detection: 1185.4033470153809
injection_reconstruction: 2832.620620727539
proto_pollution_detection: 138.49329948425293
proto_pollution_reconstruction: 0.020503997802734375
