graph: 471.813542
import: 652
injection_detection: 106.66680335998535
injection_reconstruction: 1449.0413665771484
proto_pollution_detection: 475.91352462768555
proto_pollution_reconstruction: 0.017642974853515625
