graph: 155.265166
import: 715
injection_detection: 1167.9229736328125
