graph: 143.874458
import: 704
injection_detection: 1122.0269203186035
