graph: 1556.840667
import: 796
injection_detection: 1362.217903137207
