graph: 418.725042
import: 621
injection_detection: 91.37368202209473
injection_reconstruction: 1018.0583000183105
proto_pollution_detection: 380.5813789367676
proto_pollution_reconstruction: 0.021696090698242188
