graph: 490.339292
import: 763
injection_detection: 86.21382713317871
injection_reconstruction: 1286.3249778747559
proto_pollution_detection: 483.92653465270996
proto_pollution_reconstruction: 0.019311904907226562
