graph: 436.027333
import: 794
injection_detection: 91.63475036621094
injection_reconstruction: 1298.3241081237793
proto_pollution_detection: 457.9582214355469
proto_pollution_reconstruction: 0.0247955322265625
