graph: 443.32275
import: 632
injection_detection: 89.10179138183594
injection_reconstruction: 1273.5822200775146
proto_pollution_detection: 477.4348735809326
proto_pollution_reconstruction: 0.017881393432617188
