graph: 200.783917
import: 734
injection_detection: 1318.2952404022217
