graph: 1577.588209
import: 927
injection_detection: 1427.1819591522217
