graph: 114.179381
import: 1216
injection_detection: 2104.7348976135254
proto_pollution_detection: 625.5645751953125
