graph: 3003.357835
import: 1347
injection_detection: 274.1885185241699
injection_reconstruction: 437.87169456481934
proto_pollution_detection: 1685.8558654785156
proto_pollution_reconstruction: 0.0286102294921875
