graph: 2811.770702
import: 1385
injection_detection: 465.67654609680176
injection_reconstruction: 510.3268623352051
proto_pollution_detection: 1941.483497619629
proto_pollution_reconstruction: 0.042438507080078125
