graph: 427.92175
import: 698
injection_detection: 125.48565864562988
injection_reconstruction: 0.018358230590820312
proto_pollution_detection: 4109.263896942139
proto_pollution_reconstruction: 970.2599048614502
