graph: 361.201166
import: 673
injection_detection: 164.69383239746094
injection_reconstruction: 0.018835067749023438
proto_pollution_detection: 3779.3991565704346
proto_pollution_reconstruction: 1021.4018821716309
