graph: 404.757959
import: 602
injection_detection: 162.9924774169922
injection_reconstruction: 0.025033950805664062
proto_pollution_detection: 3753.5691261291504
proto_pollution_reconstruction: 836.1697196960449
