graph: 329.950667
import: 602
injection_detection: 147.00818061828613
injection_reconstruction: 0.0152587890625
proto_pollution_detection: 3694.1041946411133
proto_pollution_reconstruction: 764.8453712463379
