graph: 136.791542
import: 967
injection_detection: 1614.3372058868408
injection_reconstruction: 0.03719329833984375
proto_pollution_detection: 1204.911708831787
proto_pollution_reconstruction: 4514.768600463867
