graph: 151.515542
import: 835
injection_detection: 1360.877513885498
injection_reconstruction: 0.019073486328125
proto_pollution_detection: 1200.6168365478516
proto_pollution_reconstruction: 2436.951160430908
