graph: 167.723875
import: 1131
injection_detection: 1417.8574085235596
injection_reconstruction: 0.030279159545898438
proto_pollution_detection: 1440.3300285339355
proto_pollution_reconstruction: 4802.56199836731
