graph: 134.982541
import: 700
injection_detection: 1303.4183979034424
injection_reconstruction: 0.022649765014648438
proto_pollution_detection: 1205.0676345825195
proto_pollution_reconstruction: 6674.838542938232
