graph: 164.897084
import: 851
injection_detection: 1290.421724319458
injection_reconstruction: 0.018835067749023438
proto_pollution_detection: 464.8559093475342
proto_pollution_reconstruction: 0.027418136596679688
