graph: 196.817959
import: 893
injection_detection: 2029.0837287902832
injection_reconstruction: 0.05269050598144531
proto_pollution_detection: 836.8959426879883
proto_pollution_reconstruction: 0.027179718017578125
