graph: 182.899875
import: 861
injection_detection: 1410.9892845153809
injection_reconstruction: 0.03409385681152344
proto_pollution_detection: 441.5464401245117
proto_pollution_reconstruction: 0.020742416381835938
