graph: 161.568125
import: 778
injection_detection: 1325.7074356079102
injection_reconstruction: 0.020503997802734375
proto_pollution_detection: 523.4615802764893
proto_pollution_reconstruction: 0.03552436828613281
