graph: 565.046
import: 869
injection_detection: 112.64586448669434
injection_reconstruction: 0.026941299438476562
proto_pollution_detection: 1193.6137676239014
proto_pollution_reconstruction: 2958.1048488616943
