graph: 516.072667
import: 709
injection_detection: 102.6606559753418
injection_reconstruction: 0.02288818359375
proto_pollution_detection: 1057.2550296783447
proto_pollution_reconstruction: 3612.642526626587
