graph: 631.517292
import: 770
injection_detection: 123.11005592346191
injection_reconstruction: 0.028371810913085938
proto_pollution_detection: 888.9493942260742
proto_pollution_reconstruction: 3777.6834964752197
