graph: 648.226791
import: 790
injection_detection: 119.47798728942871
injection_reconstruction: 0.017881393432617188
proto_pollution_detection: 1266.7090892791748
proto_pollution_reconstruction: 3853.511095046997
