graph: 378.491875
import: 939
injection_detection: 1417.6173210144043
injection_reconstruction: 9824.337244033813
proto_pollution_detection: 94.09141540527344
proto_pollution_reconstruction: 0.02002716064453125
