graph: 497.743458
import: 673
injection_detection: 226.15671157836914
injection_reconstruction: 7390.624523162842
proto_pollution_detection: 350.76189041137695
proto_pollution_reconstruction: 0.020265579223632812
