graph: 517.240708
import: 766
injection_detection: 236.3908290863037
injection_reconstruction: 6946.536540985107
proto_pollution_detection: 434.2000484466553
proto_pollution_reconstruction: 0.018596649169921875
