graph: 440.116459
import: 612
injection_detection: 139.1754150390625
injection_reconstruction: 6855.419635772705
proto_pollution_detection: 324.2340087890625
proto_pollution_reconstruction: 0.02193450927734375
