graph: 119.754375
import: 674
injection_detection: 1108.5076332092285
injection_reconstruction: 5146.987438201904
proto_pollution_detection: 88.01102638244629
proto_pollution_reconstruction: 0.033855438232421875
