graph: 342.712709
import: 807
injection_detection: 1410.7158184051514
injection_reconstruction: 9458.58120918274
proto_pollution_detection: 117.5389289855957
proto_pollution_reconstruction: 0.020503997802734375
