graph: 121.498917
import: 713
injection_detection: 1311.3603591918945
injection_reconstruction: 5347.734212875366
proto_pollution_detection: 100.43525695800781
proto_pollution_reconstruction: 0.019311904907226562
