graph: 568.988583
import: 762
injection_detection: 255.87105751037598
injection_reconstruction: 8061.9049072265625
proto_pollution_detection: 381.26206398010254
proto_pollution_reconstruction: 0.028371810913085938
