graph: 117.709583
import: 655
injection_detection: 1110.24808883667
injection_reconstruction: 4133.569240570068
proto_pollution_detection: 86.32826805114746
proto_pollution_reconstruction: 0.015974044799804688
