graph: 444.459208
import: 656
injection_detection: 214.94102478027344
injection_reconstruction: 6381.335973739624
proto_pollution_detection: 399.7189998626709
proto_pollution_reconstruction: 0.021457672119140625
