graph: 2925.935795
import: 1533
injection_detection: 159.61217880249023
injection_reconstruction: 0.03314018249511719
proto_pollution_detection: 2497.8597164154053
proto_pollution_reconstruction: 10934.871196746826
