graph: 340.267626
import: 666
injection_detection: 84.13195610046387
injection_reconstruction: 0.11801719665527344
proto_pollution_detection: 1328.6058902740479
proto_pollution_reconstruction: 4676.210403442383
