graph: 428.0275
import: 675
injection_detection: 77.16870307922363
injection_reconstruction: 0.0171661376953125
proto_pollution_detection: 1144.7477340698242
proto_pollution_reconstruction: 4317.149877548218
