graph: 160.24925
import: 893
injection_detection: 1410.7153415679932
injection_reconstruction: 0.024557113647460938
proto_pollution_detection: 1128.1490325927734
proto_pollution_reconstruction: 7873.8133907318115
