graph: 440.46075
import: 865
injection_detection: 104.54607009887695
injection_reconstruction: 0.03790855407714844
proto_pollution_detection: 1150.2833366394043
proto_pollution_reconstruction: 4263.386487960815
