graph: 159.855375
import: 1046
injection_detection: 1378.5953521728516
injection_reconstruction: 0.025510787963867188
proto_pollution_detection: 1089.9629592895508
proto_pollution_reconstruction: 7473.798751831055
