graph: 306.389084
import: 604
injection_detection: 87.86845207214355
injection_reconstruction: 0.0171661376953125
proto_pollution_detection: 805.5732250213623
proto_pollution_reconstruction: 4277.667045593262
