graph: 607.627875
import: 1
injection_detection: 1291.9368743896484
injection_reconstruction: 5284.486532211304
proto_pollution_detection: 158.86211395263672
proto_pollution_reconstruction: 0.022649765014648438
