graph: 705.029771
import: 2203
injection_detection: 2436.824321746826
proto_pollution_detection: 932.5861930847168
