graph: 578.680501
import: 761
injection_detection: 109.88163948059082
injection_reconstruction: 3966.2821292877197
proto_pollution_detection: 319.2141056060791
proto_pollution_reconstruction: 0.01811981201171875
