graph: 553.195833
import: 695
injection_detection: 119.59362030029297
injection_reconstruction: 5479.074239730835
proto_pollution_detection: 629.6920776367188
proto_pollution_reconstruction: 0.11420249938964844
