graph: 164.014125
import: 1028
injection_detection: 1504.7569274902344
injection_reconstruction: 3990.4301166534424
proto_pollution_detection: 192.2891139984131
proto_pollution_reconstruction: 0.019073486328125
