graph: 157.87825
import: 757
injection_detection: 1194.3473815917969
injection_reconstruction: 2953.4645080566406
proto_pollution_detection: 125.4422664642334
proto_pollution_reconstruction: 0.016450881958007812
