graph: 1248.532167
import: 817
injection_detection: 1620.668649673462
injection_reconstruction: 6816.202640533447
proto_pollution_detection: 314.50366973876953
proto_pollution_reconstruction: 0.03457069396972656
