graph: 3235.634448
import: 1719
injection_detection: 209.1233730316162
injection_reconstruction: 12635.509490966797
proto_pollution_detection: 627.0251274108887
proto_pollution_reconstruction: 0.03409385681152344
