graph: 484.953458
import: 615
injection_detection: 110.55135726928711
injection_reconstruction: 3958.2467079162598
proto_pollution_detection: 317.43764877319336
proto_pollution_reconstruction: 0.019073486328125
