graph: 484.469917
import: 669
injection_detection: 94.11191940307617
injection_reconstruction: 4464.945554733276
proto_pollution_detection: 314.4252300262451
proto_pollution_reconstruction: 0.019311904907226562
