graph: 1274.302501
import: 1066
injection_detection: 1428.7967681884766
injection_reconstruction: 5052.418947219849
proto_pollution_detection: 102.79369354248047
proto_pollution_reconstruction: 0.019311904907226562
