graph: 563.956542
import: 675
injection_detection: 98.91819953918457
injection_reconstruction: 4853.546619415283
proto_pollution_detection: 291.135311126709
proto_pollution_reconstruction: 0.021219253540039062
