graph: 707.513042
import: 641
injection_detection: 141.02864265441895
injection_reconstruction: 4206.5324783325195
proto_pollution_detection: 295.4897880554199
proto_pollution_reconstruction: 0.022411346435546875
