graph: 620.171208
import: 686
injection_detection: 131.15262985229492
injection_reconstruction: 5521.441698074341
proto_pollution_detection: 428.8949966430664
proto_pollution_reconstruction: 0.02002716064453125
