graph: 661.178
import: 719
injection_detection: 119.32682991027832
injection_reconstruction: 5167.06395149231
proto_pollution_detection: 304.828405380249
proto_pollution_reconstruction: 0.018358230590820312
