graph: 362.163625
import: 888
injection_detection: 1225.3754138946533
injection_reconstruction: 0.028848648071289062
proto_pollution_detection: 20977.360010147095
