graph: 747.365875
import: 828
injection_detection: 105.73458671569824
injection_reconstruction: 0.023126602172851562
proto_pollution_detection: 1734.3885898590088
proto_pollution_reconstruction: 8596.524715423584
