graph: 702.283167
import: 845
injection_detection: 111.45734786987305
injection_reconstruction: 0.01811981201171875
proto_pollution_detection: 1348.7424850463867
proto_pollution_reconstruction: 7746.705770492554
