graph: 3456.576562
import: 2021
injection_detection: 150.04706382751465
injection_reconstruction: 0.03528594970703125
proto_pollution_detection: 3567.71183013916
proto_pollution_reconstruction: 17347.196102142334
