graph: 299.331
import: 985
injection_detection: 1417.1342849731445
injection_reconstruction: 0.030279159545898438
proto_pollution_detection: 14372.4045753479
