graph: 305.020791
import: 915
injection_detection: 1307.5506687164307
injection_reconstruction: 0.028133392333984375
proto_pollution_detection: 24941.691160202026
