graph: 308.249875
import: 940
injection_detection: 1320.8286762237549
injection_reconstruction: 0.02288818359375
proto_pollution_detection: 13659.712076187134
