graph: 709.434084
import: 900
injection_detection: 97.31721878051758
injection_reconstruction: 0.014781951904296875
proto_pollution_detection: 1551.3603687286377
proto_pollution_reconstruction: 6997.304201126099
