graph: 560.045709
import: 723
injection_detection: 176.82695388793945
injection_reconstruction: 0.015735626220703125
proto_pollution_detection: 894.73557472229
proto_pollution_reconstruction: 1442.0089721679688
