graph: 161.212209
import: 898
injection_detection: 1383.6605548858643
injection_reconstruction: 0.022411346435546875
proto_pollution_detection: 862.4627590179443
proto_pollution_reconstruction: 1845.2279567718506
