graph: 206.154584
import: 1108
injection_detection: 1561.07759475708
injection_reconstruction: 0.026464462280273438
proto_pollution_detection: 999.9182224273682
proto_pollution_reconstruction: 2161.987781524658
