graph: 531.312458
import: 748
injection_detection: 218.61743927001953
injection_reconstruction: 0.05316734313964844
proto_pollution_detection: 959.7907066345215
proto_pollution_reconstruction: 1556.5767288208008
