graph: 625.281501
import: 757
injection_detection: 202.5597095489502
injection_reconstruction: 0.021457672119140625
proto_pollution_detection: 1074.1612911224365
proto_pollution_reconstruction: 1692.5592422485352
