graph: 166.603208
import: 906
injection_detection: 1427.1950721740723
injection_reconstruction: 0.026941299438476562
proto_pollution_detection: 895.9555625915527
proto_pollution_reconstruction: 1800.1163005828857
