graph: 189.316209
import: 903
injection_detection: 1388.7274265289307
injection_reconstruction: 0.028133392333984375
proto_pollution_detection: 873.7051486968994
proto_pollution_reconstruction: 1993.8669204711914
