graph: 576.940125
import: 725
injection_detection: 139.98675346374512
injection_reconstruction: 0.017404556274414062
proto_pollution_detection: 707.8912258148193
proto_pollution_reconstruction: 1605.9601306915283
