graph: 774.466375
import: 793
injection_detection: 103.39021682739258
injection_reconstruction: 4654.340982437134
proto_pollution_detection: 442.06953048706055
proto_pollution_reconstruction: 0.021219253540039062
