graph: 43968.231521
import: 2247
injection_detection: 2366.666555404663
