graph: 726.538792
import: 721
injection_detection: 101.93586349487305
injection_reconstruction: 4643.616676330566
proto_pollution_detection: 370.9709644317627
proto_pollution_reconstruction: 0.016450881958007812
