graph: 760.296626
import: 808
injection_detection: 119.65250968933105
injection_reconstruction: 7361.845254898071
proto_pollution_detection: 323.8790035247803
proto_pollution_reconstruction: 0.018835067749023438
