graph: 661.255959
import: 760
injection_detection: 107.29122161865234
injection_reconstruction: 7144.444227218628
proto_pollution_detection: 405.63392639160156
proto_pollution_reconstruction: 0.02193450927734375
