graph: 796.598917
import: 791
injection_detection: 109.88163948059082
injection_reconstruction: 7623.6982345581055
proto_pollution_detection: 333.19830894470215
proto_pollution_reconstruction: 0.0247955322265625
