graph: 62205.982319
import: 1469
injection_detection: 1680.4285049438477
