graph: 1675.707709
import: 1036
injection_detection: 92.1630859375
injection_reconstruction: 0.016927719116210938
proto_pollution_detection: 1594.0732955932617
proto_pollution_reconstruction: 20617.15269088745
