graph: 862.263333
import: 1095
injection_detection: 1364.6438121795654
injection_reconstruction: 0.016689300537109375
proto_pollution_detection: 1673.4228134155273
proto_pollution_reconstruction: 13234.226942062378
