graph: 913.834695
import: 2153
injection_detection: 2232.0706844329834
proto_pollution_detection: 2561.6917610168457
