graph: 1033.525875
import: 2324
injection_detection: 1468.6999320983887
injection_reconstruction: 0.030755996704101562
proto_pollution_detection: 1917.954921722412
proto_pollution_reconstruction: 13918.487787246704
