graph: 1846.341626
import: 1174
injection_detection: 111.39154434204102
injection_reconstruction: 0.018358230590820312
proto_pollution_detection: 2022.0022201538086
proto_pollution_reconstruction: 8329.440832138062
