graph: 5362.203386
import: 2789
injection_detection: 228.03807258605957
injection_reconstruction: 0.038623809814453125
proto_pollution_detection: 4267.24100112915
proto_pollution_reconstruction: 16145.04337310791
