graph: 1792.503251
import: 953
injection_detection: 126.50632858276367
injection_reconstruction: 0.019788742065429688
proto_pollution_detection: 1840.9485816955566
proto_pollution_reconstruction: 6557.170391082764
