graph: 1634.661043
import: 805
injection_detection: 130.68032264709473
injection_reconstruction: 0.020503997802734375
proto_pollution_detection: 1237.783432006836
proto_pollution_reconstruction: 19935.622930526733
