graph: 475.912583
import: 637
injection_detection: 106.14895820617676
injection_reconstruction: 4914.977073669434
proto_pollution_detection: 304.33058738708496
proto_pollution_reconstruction: 0.02288818359375
