graph: 489.579126
import: 668
injection_detection: 106.70351982116699
injection_reconstruction: 5176.029920578003
proto_pollution_detection: 354.02441024780273
proto_pollution_reconstruction: 0.021696090698242188
