graph: 144.297542
import: 691
injection_detection: 1257.7691078186035
injection_reconstruction: 0.02288818359375
proto_pollution_detection: 1031.583309173584
proto_pollution_reconstruction: 3996.4370727539062
