graph: 359.960417
import: 660
injection_detection: 112.68973350524902
injection_reconstruction: 0.0247955322265625
proto_pollution_detection: 1119.171142578125
proto_pollution_reconstruction: 4018.364191055298
