graph: 131.799208
import: 719
injection_detection: 1090.2361869812012
injection_reconstruction: 0.013589859008789062
proto_pollution_detection: 891.554594039917
proto_pollution_reconstruction: 3845.740556716919
