graph: 486.917542
import: 863
injection_detection: 90.46387672424316
injection_reconstruction: 0.01430511474609375
proto_pollution_detection: 1976.2158393859863
proto_pollution_reconstruction: 5821.9592571258545
