graph: 369.406959
import: 649
injection_detection: 92.85664558410645
injection_reconstruction: 0.016927719116210938
proto_pollution_detection: 1500.32639503479
proto_pollution_reconstruction: 4025.9528160095215
