graph: 396.777959
import: 654
injection_detection: 86.43198013305664
injection_reconstruction: 0.0171661376953125
proto_pollution_detection: 1466.688871383667
proto_pollution_reconstruction: 4114.932537078857
