graph: 181.351625
import: 781
injection_detection: 1376.5835762023926
injection_reconstruction: 0.019311904907226562
proto_pollution_detection: 1153.6309719085693
proto_pollution_reconstruction: 4550.067663192749
