graph: 343.34875
import: 633
injection_detection: 226.93896293640137
injection_reconstruction: 0.018835067749023438
proto_pollution_detection: 893.608808517456
proto_pollution_reconstruction: 0.018596649169921875
