graph: 137.63636
import: 1092
injection_detection: 2116.166830062866
proto_pollution_detection: 879.6055316925049
