graph: 348.407
import: 647
injection_detection: 235.06474494934082
injection_reconstruction: 0.018835067749023438
proto_pollution_detection: 914.391279220581
proto_pollution_reconstruction: 0.023603439331054688
