graph: 113.833542
import: 1163
injection_detection: 1408.0932140350342
injection_reconstruction: 0.09107589721679688
proto_pollution_detection: 519.5305347442627
proto_pollution_reconstruction: 0.025272369384765625
