graph: 277.074167
import: 589
injection_detection: 94.39730644226074
injection_reconstruction: 0.017404556274414062
proto_pollution_detection: 521.0058689117432
proto_pollution_reconstruction: 0.02288818359375
