graph: 2888.617948
import: 1150
injection_detection: 480.05080223083496
injection_reconstruction: 0.03743171691894531
proto_pollution_detection: 1654.0563106536865
proto_pollution_reconstruction: 0.033855438232421875
