graph: 334.095542
import: 663
injection_detection: 233.33001136779785
injection_reconstruction: 0.019550323486328125
proto_pollution_detection: 855.7798862457275
proto_pollution_reconstruction: 0.026702880859375
