graph: 133.569458
import: 825
injection_detection: 1381.742238998413
injection_reconstruction: 0.023126602172851562
proto_pollution_detection: 483.46638679504395
proto_pollution_reconstruction: 0.03552436828613281
