graph: 1743.507459
import: 934
injection_detection: 114.11809921264648
injection_reconstruction: 8864.740133285522
proto_pollution_detection: 358.4120273590088
proto_pollution_reconstruction: 0.017881393432617188
