graph: 745.629
import: 1036
injection_detection: 1239.3286228179932
injection_reconstruction: 4365.373849868774
proto_pollution_detection: 132.6122283935547
proto_pollution_reconstruction: 0.0209808349609375
