graph: 802.618876
import: 1091
injection_detection: 1270.5936431884766
injection_reconstruction: 4183.917999267578
proto_pollution_detection: 120.90134620666504
proto_pollution_reconstruction: 0.06866455078125
