graph: 1632.244459
import: 798
injection_detection: 116.81580543518066
injection_reconstruction: 7895.927906036377
proto_pollution_detection: 330.2731513977051
proto_pollution_reconstruction: 0.03552436828613281
