graph: 1029.360334
import: 1154
injection_detection: 1487.365961074829
injection_reconstruction: 6877.373218536377
proto_pollution_detection: 153.98454666137695
proto_pollution_reconstruction: 0.021219253540039062
