graph: 1775.529085
import: 945
injection_detection: 139.45770263671875
injection_reconstruction: 5545.40753364563
proto_pollution_detection: 442.29841232299805
proto_pollution_reconstruction: 0.03600120544433594
