graph: 1043.527667
import: 1254
injection_detection: 1533.0827236175537
injection_reconstruction: 6741.641283035278
proto_pollution_detection: 148.8173007965088
proto_pollution_reconstruction: 0.027894973754882812
