graph: 1667.157751
import: 917
injection_detection: 128.36551666259766
injection_reconstruction: 4829.131841659546
proto_pollution_detection: 377.274751663208
proto_pollution_reconstruction: 0.017404556274414062
