graph: 1707.594667
import: 982
injection_detection: 124.17912483215332
injection_reconstruction: 4829.938173294067
proto_pollution_detection: 389.1336917877197
proto_pollution_reconstruction: 0.022172927856445312
