graph: 166.557165
import: 1275
injection_detection: 2373.715400695801
proto_pollution_detection: 895.7152366638184
