graph: 487.202625
import: 603
injection_detection: 125.50997734069824
injection_reconstruction: 0.017642974853515625
proto_pollution_detection: 787.1711254119873
proto_pollution_reconstruction: 0.0171661376953125
