graph: 447.743501
import: 696
injection_detection: 106.07504844665527
injection_reconstruction: 0.016450881958007812
proto_pollution_detection: 558.4266185760498
proto_pollution_reconstruction: 0.015020370483398438
