graph: 108.060208
import: 707
injection_detection: 1694.8602199554443
injection_reconstruction: 0.13399124145507812
proto_pollution_detection: 1339.4222259521484
proto_pollution_reconstruction: 2200.5908489227295
