graph: 115.7215
import: 765
injection_detection: 1443.8886642456055
injection_reconstruction: 0.027179718017578125
proto_pollution_detection: 1015.0671005249023
proto_pollution_reconstruction: 2287.2986793518066
