graph: 123.680875
import: 709
injection_detection: 1316.5736198425293
injection_reconstruction: 0.0247955322265625
proto_pollution_detection: 986.6786003112793
proto_pollution_reconstruction: 2083.189010620117
