graph: 318.211125
import: 689
injection_detection: 146.75617218017578
injection_reconstruction: 0.019311904907226562
proto_pollution_detection: 1145.6072330474854
proto_pollution_reconstruction: 1518.1703567504883
