graph: 310.089583
import: 625
injection_detection: 149.30438995361328
injection_reconstruction: 0.015497207641601562
proto_pollution_detection: 1159.4598293304443
proto_pollution_reconstruction: 1410.3119373321533
