graph: 338.059251
import: 699
injection_detection: 109.34066772460938
injection_reconstruction: 0.017881393432617188
proto_pollution_detection: 921.1337566375732
proto_pollution_reconstruction: 1609.9064350128174
