graph: 99.677083
import: 848
injection_detection: 1293.8189506530762
injection_reconstruction: 0.021219253540039062
proto_pollution_detection: 912.6377105712891
proto_pollution_reconstruction: 3604.5219898223877
