graph: 261.951542
import: 552
injection_detection: 137.7415657043457
injection_reconstruction: 0.01811981201171875
proto_pollution_detection: 1122.8113174438477
proto_pollution_reconstruction: 1459.0563774108887
