graph: 391.657481
import: 1430
injection_detection: 2257.038116455078
proto_pollution_detection: 695.7504749298096
