graph: 3563.679338
import: 2310
injection_detection: 224.8859405517578
injection_reconstruction: 7275.156021118164
proto_pollution_detection: 518.0115699768066
proto_pollution_reconstruction: 0.03218650817871094
