graph: 433.133667
import: 742
injection_detection: 115.00144004821777
injection_reconstruction: 3429.630756378174
proto_pollution_detection: 421.766996383667
proto_pollution_reconstruction: 0.023126602172851562
