graph: 181.612404
import: 1388
injection_detection: 2221.921443939209
proto_pollution_detection: 891.8361663818359
