graph: 432.68675
import: 612
injection_detection: 96.56238555908203
injection_reconstruction: 3596.8925952911377
proto_pollution_detection: 381.92272186279297
proto_pollution_reconstruction: 0.10371208190917969
