graph: 633.706542
import: 843
injection_detection: 205.80196380615234
injection_reconstruction: 0.028371810913085938
proto_pollution_detection: 3360.3737354278564
proto_pollution_reconstruction: 3717.555284500122
