graph: 278.832833
import: 1056
injection_detection: 1605.0994396209717
injection_reconstruction: 0.026941299438476562
proto_pollution_detection: 1902.604341506958
proto_pollution_reconstruction: 3773.3819484710693
