graph: 217.097459
import: 835
injection_detection: 1547.6264953613281
injection_reconstruction: 0.056743621826171875
proto_pollution_detection: 1290.3730869293213
proto_pollution_reconstruction: 3549.321174621582
