graph: 192.219167
import: 908
injection_detection: 1379.7943592071533
injection_reconstruction: 0.020265579223632812
proto_pollution_detection: 1197.3869800567627
proto_pollution_reconstruction: 3790.9750938415527
