graph: 557.896792
import: 648
injection_detection: 173.95901679992676
injection_reconstruction: 0.02384185791015625
proto_pollution_detection: 2804.3642044067383
proto_pollution_reconstruction: 3432.1017265319824
