graph: 173.470791
import: 817
injection_detection: 1302.0730018615723
injection_reconstruction: 0.020742416381835938
proto_pollution_detection: 1272.3212242126465
proto_pollution_reconstruction: 3385.237216949463
