graph: 632.475458
import: 753
injection_detection: 137.94302940368652
injection_reconstruction: 0.021219253540039062
proto_pollution_detection: 2795.1841354370117
proto_pollution_reconstruction: 3644.462823867798
