graph: 667.170376
import: 761
injection_detection: 195.0547695159912
injection_reconstruction: 0.017404556274414062
proto_pollution_detection: 2961.325168609619
proto_pollution_reconstruction: 2665.217638015747
