graph: 99.743468
import: 1332
injection_detection: 1907.0672988891602
proto_pollution_detection: 451.3440132141113
