graph: 2828.140579
import: 1204
injection_detection: 438.495397567749
injection_reconstruction: 359.222412109375
proto_pollution_detection: 1971.3284969329834
proto_pollution_reconstruction: 0.0438690185546875
