graph: 2811.97405
import: 1143
injection_detection: 457.21435546875
injection_reconstruction: 442.4426555633545
proto_pollution_detection: 1839.3216133117676
proto_pollution_reconstruction: 0.043392181396484375
