graph: 2936.56549
import: 1248
injection_detection: 307.5401782989502
injection_reconstruction: 4656.410455703735
proto_pollution_detection: 602.0171642303467
proto_pollution_reconstruction: 0.036716461181640625
