graph: 3239.552028
import: 1300
injection_detection: 414.87717628479004
injection_reconstruction: 4708.636522293091
proto_pollution_detection: 591.5257930755615
proto_pollution_reconstruction: 0.03457069396972656
