graph: 324.322751
import: 637
injection_detection: 226.654052734375
injection_reconstruction: 4062.840461730957
proto_pollution_detection: 357.3307991027832
proto_pollution_reconstruction: 0.016689300537109375
