graph: 314.05475
import: 622
injection_detection: 198.93765449523926
injection_reconstruction: 3857.7282428741455
proto_pollution_detection: 366.51086807250977
proto_pollution_reconstruction: 0.0171661376953125
