graph: 279.592833
import: 567
injection_detection: 106.70924186706543
injection_reconstruction: 3360.856771469116
proto_pollution_detection: 298.98738861083984
proto_pollution_reconstruction: 0.015974044799804688
