graph: 343.538958
import: 655
injection_detection: 201.7226219177246
injection_reconstruction: 3852.1876335144043
proto_pollution_detection: 342.2658443450928
proto_pollution_reconstruction: 0.015497207641601562
