graph: 349.068
import: 650
injection_detection: 101.70817375183105
injection_reconstruction: 1852.7729511260986
proto_pollution_detection: 1331.730842590332
proto_pollution_reconstruction: 1205.1265239715576
