graph: 372.425167
import: 624
injection_detection: 122.62749671936035
injection_reconstruction: 2095.4127311706543
proto_pollution_detection: 1533.0190658569336
proto_pollution_reconstruction: 1270.930528640747
