graph: 2798.49905
import: 1412
injection_detection: 198.2896327972412
injection_reconstruction: 5126.367092132568
proto_pollution_detection: 3569.767713546753
proto_pollution_reconstruction: 3758.765935897827
