graph: 3209.510029
import: 1426
injection_detection: 200.7732391357422
injection_reconstruction: 9975.382804870605
proto_pollution_detection: 474.35474395751953
proto_pollution_reconstruction: 0.02384185791015625
