graph: 2818.283309
import: 1177
injection_detection: 418.66517066955566
injection_reconstruction: 13287.485837936401
proto_pollution_detection: 787.0097160339355
proto_pollution_reconstruction: 0.03743171691894531
