graph: 331.489334
import: 613
injection_detection: 188.54188919067383
injection_reconstruction: 4449.542760848999
proto_pollution_detection: 340.623140335083
proto_pollution_reconstruction: 0.016689300537109375
