graph: 292.90425
import: 597
injection_detection: 232.3296070098877
injection_reconstruction: 4612.432241439819
proto_pollution_detection: 340.18874168395996
proto_pollution_reconstruction: 0.015735626220703125
