graph: 292.197125
import: 614
injection_detection: 192.78788566589355
injection_reconstruction: 4626.135587692261
proto_pollution_detection: 369.783878326416
proto_pollution_reconstruction: 0.022172927856445312
