graph: 273.847333
import: 558
injection_detection: 108.4127426147461
injection_reconstruction: 3987.154245376587
proto_pollution_detection: 339.34593200683594
proto_pollution_reconstruction: 0.024318695068359375
