graph: 290.40575
import: 582
injection_detection: 94.24972534179688
injection_reconstruction: 0.020265579223632812
proto_pollution_detection: 736.5577220916748
proto_pollution_reconstruction: 3981.4491271972656
