graph: 116.053917
import: 816
injection_detection: 1255.4082870483398
injection_reconstruction: 0.028848648071289062
proto_pollution_detection: 930.5930137634277
proto_pollution_reconstruction: 3395.265817642212
