graph: 400.510792
import: 666
injection_detection: 200.29330253601074
injection_reconstruction: 0.015974044799804688
proto_pollution_detection: 1284.839153289795
proto_pollution_reconstruction: 4359.477281570435
