graph: 135.434417
import: 874
injection_detection: 1340.3875827789307
injection_reconstruction: 0.023603439331054688
proto_pollution_detection: 1574.6009349822998
proto_pollution_reconstruction: 3455.4367065429688
