graph: 306.247167
import: 684
injection_detection: 146.03400230407715
injection_reconstruction: 0.016450881958007812
proto_pollution_detection: 1209.0752124786377
proto_pollution_reconstruction: 3493.903636932373
