graph: 307.752613
import: 1472
injection_detection: 2274.0142345428467
proto_pollution_detection: 780.8430194854736
