graph: 595.664125
import: 742
injection_detection: 105.75652122497559
injection_reconstruction: 2759.427070617676
proto_pollution_detection: 376.65295600891113
proto_pollution_reconstruction: 0.025272369384765625
