graph: 541.623
import: 722
injection_detection: 99.35879707336426
injection_reconstruction: 2740.18931388855
proto_pollution_detection: 418.64705085754395
proto_pollution_reconstruction: 0.021219253540039062
