graph: 192.571875
import: 885
injection_detection: 1447.4680423736572
injection_reconstruction: 0.020503997802734375
proto_pollution_detection: 1302.668809890747
proto_pollution_reconstruction: 4921.468496322632
