graph: 158.863208
import: 794
injection_detection: 1291.213035583496
injection_reconstruction: 0.02193450927734375
proto_pollution_detection: 1587.846279144287
