graph: 2780.763294
import: 1262
injection_detection: 166.154146194458
injection_reconstruction: 0.032901763916015625
proto_pollution_detection: 1915.086030960083
proto_pollution_reconstruction: 8445.2543258667
