graph: 473.820584
import: 754
injection_detection: 117.85483360290527
injection_reconstruction: 0.019788742065429688
proto_pollution_detection: 1362.0061874389648
proto_pollution_reconstruction: 3919.4552898406982
