graph: 476.931917
import: 818
injection_detection: 123.34918975830078
injection_reconstruction: 0.018835067749023438
proto_pollution_detection: 1016.573429107666
proto_pollution_reconstruction: 3945.479154586792
