graph: 188.233667
import: 991
injection_detection: 1468.1689739227295
injection_reconstruction: 0.027894973754882812
proto_pollution_detection: 1385.9241008758545
proto_pollution_reconstruction: 8734.357357025146
