graph: 462.553667
import: 685
injection_detection: 177.37650871276855
injection_reconstruction: 0.030279159545898438
proto_pollution_detection: 1233.0353260040283
proto_pollution_reconstruction: 2845.6637859344482
