graph: 144.536167
import: 731
injection_detection: 1178.279161453247
injection_reconstruction: 0.0152587890625
proto_pollution_detection: 1160.7072353363037
proto_pollution_reconstruction: 6126.0576248168945
