graph: 460.077042
import: 759
injection_detection: 103.3487319946289
injection_reconstruction: 0.018358230590820312
proto_pollution_detection: 1272.5319862365723
proto_pollution_reconstruction: 3994.121551513672
