graph: 2651.355981
import: 1232
injection_detection: 457.81493186950684
injection_reconstruction: 501.9526481628418
proto_pollution_detection: 1948.9102363586426
proto_pollution_reconstruction: 0.04506111145019531
