graph: 375.186625
import: 607
injection_detection: 325.88768005371094
injection_reconstruction: 4313.561916351318
proto_pollution_detection: 396.01826667785645
proto_pollution_reconstruction: 0.02193450927734375
