graph: 92.248279
import: 1078
injection_detection: 2100.632667541504
proto_pollution_detection: 611.3111972808838
