graph: 522.665917
import: 953
injection_detection: 91.9499397277832
injection_reconstruction: 0.015497207641601562
proto_pollution_detection: 814.92018699646
proto_pollution_reconstruction: 0.022649765014648438
