graph: 567.329125
import: 700
injection_detection: 100.88586807250977
injection_reconstruction: 0.017642974853515625
proto_pollution_detection: 840.8749103546143
proto_pollution_reconstruction: 0.02765655517578125
