graph: 251.519959
import: 1070
injection_detection: 1357.9959869384766
injection_reconstruction: 0.03838539123535156
proto_pollution_detection: 909.0960025787354
proto_pollution_reconstruction: 0.025033950805664062
