graph: 570.038959
import: 799
injection_detection: 128.27134132385254
injection_reconstruction: 0.018596649169921875
proto_pollution_detection: 572.5290775299072
proto_pollution_reconstruction: 0.03337860107421875
