graph: 224.175416
import: 1014
injection_detection: 1464.7629261016846
injection_reconstruction: 0.031948089599609375
proto_pollution_detection: 961.4138603210449
proto_pollution_reconstruction: 0.023603439331054688
