graph: 548.321333
import: 846
injection_detection: 107.63692855834961
injection_reconstruction: 0.020742416381835938
proto_pollution_detection: 918.5864925384521
proto_pollution_reconstruction: 0.0247955322265625
