graph: 217.015708
import: 982
injection_detection: 1323.439598083496
injection_reconstruction: 0.0362396240234375
proto_pollution_detection: 925.8103370666504
proto_pollution_reconstruction: 0.027179718017578125
