graph: 194.386626
import: 786
injection_detection: 1198.531150817871
injection_reconstruction: 0.025272369384765625
proto_pollution_detection: 803.4248352050781
proto_pollution_reconstruction: 0.02193450927734375
