graph: 3157.353081
import: 1879
injection_detection: 155.48014640808105
injection_reconstruction: 0.03266334533691406
proto_pollution_detection: 1911.9596481323242
proto_pollution_reconstruction: 0.04315376281738281
