graph: 2855.340751
import: 1091
injection_detection: 420.82953453063965
injection_reconstruction: 384.16504859924316
proto_pollution_detection: 2096.750020980835
proto_pollution_reconstruction: 0.030040740966796875
