graph: 2867.671533
import: 1292
injection_detection: 439.85438346862793
injection_reconstruction: 528.7489891052246
proto_pollution_detection: 2026.979684829712
proto_pollution_reconstruction: 0.0438690185546875
