graph: 675.82325
import: 913
injection_detection: 247.6205825805664
injection_reconstruction: 5718.011856079102
proto_pollution_detection: 533.3855152130127
proto_pollution_reconstruction: 410.0069999694824
