graph: 643.088333
import: 786
injection_detection: 205.78885078430176
injection_reconstruction: 5672.9090213775635
proto_pollution_detection: 475.4981994628906
proto_pollution_reconstruction: 404.543399810791
