graph: 624.927417
import: 724
injection_detection: 115.08965492248535
injection_reconstruction: 5296.060562133789
proto_pollution_detection: 462.97764778137207
proto_pollution_reconstruction: 359.04741287231445
