graph: 276.903583
import: 1044
injection_detection: 1393.0964469909668
injection_reconstruction: 6688.6467933654785
proto_pollution_detection: 341.5045738220215
proto_pollution_reconstruction: 762.3264789581299
