graph: 375.242676
import: 1686
injection_detection: 2554.243326187134
proto_pollution_detection: 1780.4341316223145
