graph: 220.463875
import: 1039
injection_detection: 1234.4670295715332
injection_reconstruction: 5411.095857620239
proto_pollution_detection: 247.27916717529297
proto_pollution_reconstruction: 627.4981498718262
