graph: 392.173467
import: 1675
injection_detection: 2092.4932956695557
proto_pollution_detection: 1310.0597858428955
