graph: 717.022542
import: 946
injection_detection: 219.89965438842773
injection_reconstruction: 5983.278751373291
proto_pollution_detection: 489.12549018859863
proto_pollution_reconstruction: 415.33660888671875
