graph: 2872.916756
import: 1121
injection_detection: 459.9111080169678
injection_reconstruction: 506.17313385009766
proto_pollution_detection: 1964.484453201294
proto_pollution_reconstruction: 0.043392181396484375
