graph: 142.624086
import: 1306
injection_detection: 2280.3523540496826
proto_pollution_detection: 843.1885242462158
