graph: 2847.613713
import: 1455
injection_detection: 425.00948905944824
injection_reconstruction: 486.55223846435547
proto_pollution_detection: 1934.9184036254883
proto_pollution_reconstruction: 0.04100799560546875
