graph: 2859.593823
import: 1495
injection_detection: 428.1637668609619
injection_reconstruction: 2947.0608234405518
proto_pollution_detection: 676.2046813964844
proto_pollution_reconstruction: 0.03457069396972656
