graph: 126.902628
import: 1145
injection_detection: 2026.2484550476074
proto_pollution_detection: 586.369514465332
