graph: 280.9465
import: 679
injection_detection: 226.78041458129883
injection_reconstruction: 1663.856029510498
proto_pollution_detection: 841.3538932800293
proto_pollution_reconstruction: 0.043392181396484375
