graph: 269.37575
import: 575
injection_detection: 115.83495140075684
injection_reconstruction: 1049.692153930664
proto_pollution_detection: 441.9982433319092
proto_pollution_reconstruction: 0.021457672119140625
