graph: 294.101958
import: 660
injection_detection: 217.44537353515625
injection_reconstruction: 1618.013858795166
proto_pollution_detection: 527.6691913604736
proto_pollution_reconstruction: 0.019788742065429688
