graph: 336.273
import: 630
injection_detection: 195.74403762817383
injection_reconstruction: 1542.386531829834
proto_pollution_detection: 504.565954208374
proto_pollution_reconstruction: 0.016927719116210938
