graph: 433.725
import: 776
injection_detection: 208.50706100463867
injection_reconstruction: 0.023126602172851562
proto_pollution_detection: 1125.0298023223877
proto_pollution_reconstruction: 0.0247955322265625
