graph: 479.389125
import: 790
injection_detection: 175.73213577270508
injection_reconstruction: 0.023365020751953125
proto_pollution_detection: 869.6510791778564
proto_pollution_reconstruction: 0.025272369384765625
