graph: 475.861583
import: 756
injection_detection: 118.20149421691895
injection_reconstruction: 0.01621246337890625
proto_pollution_detection: 524.5630741119385
proto_pollution_reconstruction: 0.027418136596679688
