graph: 420.835291
import: 737
injection_detection: 186.16127967834473
injection_reconstruction: 0.017881393432617188
proto_pollution_detection: 834.1248035430908
proto_pollution_reconstruction: 0.02193450927734375
