graph: 197.018375
import: 997
injection_detection: 1377.23970413208
injection_reconstruction: 0.020265579223632812
proto_pollution_detection: 1002.9904842376709
proto_pollution_reconstruction: 7368.156671524048
