graph: 613.985709
import: 853
injection_detection: 109.63630676269531
injection_reconstruction: 0.016450881958007812
proto_pollution_detection: 1222.102165222168
proto_pollution_reconstruction: 6041.314363479614
