graph: 227.12175
import: 1113
injection_detection: 1445.5432891845703
injection_reconstruction: 0.026702880859375
proto_pollution_detection: 1088.700294494629
proto_pollution_reconstruction: 7582.518100738525
