graph: 155.691792
import: 807
injection_detection: 1471.2727069854736
injection_reconstruction: 0.3287792205810547
proto_pollution_detection: 1103.412389755249
proto_pollution_reconstruction: 6883.430957794189
