graph: 174.570167
import: 844
injection_detection: 1184.861421585083
injection_reconstruction: 0.0324249267578125
proto_pollution_detection: 867.3000335693359
proto_pollution_reconstruction: 6007.341384887695
