graph: 580.402167
import: 896
injection_detection: 95.7937240600586
injection_reconstruction: 0.020742416381835938
proto_pollution_detection: 1052.403211593628
proto_pollution_reconstruction: 6081.760406494141
