graph: 609.700042
import: 788
injection_detection: 139.3868923187256
injection_reconstruction: 0.019788742065429688
proto_pollution_detection: 834.0942859649658
proto_pollution_reconstruction: 6142.697334289551
