graph: 622.725292
import: 890
injection_detection: 96.29607200622559
injection_reconstruction: 0.031232833862304688
proto_pollution_detection: 1065.6704902648926
proto_pollution_reconstruction: 5051.7730712890625
