graph: 207.398251
import: 895
injection_detection: 1364.0685081481934
injection_reconstruction: 0.016927719116210938
proto_pollution_detection: 1051.985740661621
proto_pollution_reconstruction: 4596.738576889038
