graph: 329.332625
import: 723
injection_detection: 1305.513858795166
injection_reconstruction: 5721.885442733765
proto_pollution_detection: 115.09203910827637
proto_pollution_reconstruction: 0.021219253540039062
