graph: 169.210141
import: 1514
injection_detection: 2426.6602993011475
proto_pollution_detection: 760.5268955230713
