graph: 366.003625
import: 602
injection_detection: 203.25183868408203
injection_reconstruction: 6033.1292152404785
proto_pollution_detection: 326.7507553100586
proto_pollution_reconstruction: 0.018835067749023438
