graph: 382.88775
import: 710
injection_detection: 205.17826080322266
injection_reconstruction: 6209.238767623901
proto_pollution_detection: 318.5868263244629
proto_pollution_reconstruction: 0.019073486328125
