graph: 341.152834
import: 688
injection_detection: 245.99242210388184
injection_reconstruction: 6152.570486068726
proto_pollution_detection: 398.94700050354004
proto_pollution_reconstruction: 0.022172927856445312
