graph: 300.4475
import: 604
injection_detection: 116.91546440124512
injection_reconstruction: 5227.479696273804
proto_pollution_detection: 309.67020988464355
proto_pollution_reconstruction: 0.027179718017578125
