graph: 539.313875
import: 684
injection_detection: 97.31149673461914
injection_reconstruction: 3065.2570724487305
proto_pollution_detection: 373.73852729797363
proto_pollution_reconstruction: 0.026702880859375
