graph: 1025.926542
import: 971
injection_detection: 2166.0311222076416
injection_reconstruction: 4911.595582962036
proto_pollution_detection: 183.16125869750977
proto_pollution_reconstruction: 0.025987625122070312
