graph: 1146.840959
import: 870
injection_detection: 1755.04469871521
injection_reconstruction: 3904.2270183563232
proto_pollution_detection: 155.0290584564209
proto_pollution_reconstruction: 0.030517578125
