graph: 154.987375
import: 775
injection_detection: 1294.3470478057861
injection_reconstruction: 2766.998052597046
proto_pollution_detection: 130.08737564086914
proto_pollution_reconstruction: 0.028371810913085938
