graph: 488.808042
import: 661
injection_detection: 84.60640907287598
injection_reconstruction: 3814.051628112793
proto_pollution_detection: 355.98254203796387
proto_pollution_reconstruction: 0.017642974853515625
