graph: 239.112792
import: 755
injection_detection: 1183.8657855987549
injection_reconstruction: 2800.1961708068848
proto_pollution_detection: 171.539306640625
proto_pollution_reconstruction: 0.017642974853515625
