graph: 512.439333
import: 634
injection_detection: 93.1854248046875
injection_reconstruction: 3103.4843921661377
proto_pollution_detection: 381.23106956481934
proto_pollution_reconstruction: 0.025272369384765625
