graph: 526.206876
import: 666
injection_detection: 83.72211456298828
injection_reconstruction: 4218.508243560791
proto_pollution_detection: 368.01695823669434
proto_pollution_reconstruction: 0.017881393432617188
