graph: 2888.790461
import: 1344
injection_detection: 429.9509525299072
injection_reconstruction: 445.0852870941162
proto_pollution_detection: 1621.9918727874756
proto_pollution_reconstruction: 0.023126602172851562
