graph: 509.477
import: 661
injection_detection: 109.64465141296387
injection_reconstruction: 5909.798383712769
proto_pollution_detection: 315.1700496673584
proto_pollution_reconstruction: 0.015974044799804688
