graph: 513.059042
import: 680
injection_detection: 204.5433521270752
injection_reconstruction: 5687.157392501831
proto_pollution_detection: 361.9542121887207
proto_pollution_reconstruction: 0.0171661376953125
