graph: 577.45625
import: 736
injection_detection: 205.3084373474121
injection_reconstruction: 7063.708305358887
proto_pollution_detection: 327.73756980895996
proto_pollution_reconstruction: 0.024318695068359375
