graph: 565.684709
import: 687
injection_detection: 190.9327507019043
injection_reconstruction: 6053.309917449951
proto_pollution_detection: 335.399866104126
proto_pollution_reconstruction: 0.016450881958007812
