graph: 144.728625
import: 663
injection_detection: 1113.149642944336
injection_reconstruction: 5910.904169082642
proto_pollution_detection: 100.15153884887695
proto_pollution_reconstruction: 0.020503997802734375
