graph: 1636.677709
import: 776
injection_detection: 1366.4965629577637
injection_reconstruction: 6612.550735473633
proto_pollution_detection: 102.72002220153809
proto_pollution_reconstruction: 0.031948089599609375
