graph: 155.399375
import: 676
injection_detection: 1201.4262676239014
injection_reconstruction: 3936.198949813843
proto_pollution_detection: 81.12549781799316
proto_pollution_reconstruction: 0.017642974853515625
