graph: 143.71975
import: 849
injection_detection: 1400.4056453704834
injection_reconstruction: 5986.790180206299
proto_pollution_detection: 111.5868091583252
proto_pollution_reconstruction: 0.0247955322265625
