graph: 606.008667
import: 684
injection_detection: 195.76048851013184
injection_reconstruction: 6435.231685638428
proto_pollution_detection: 335.5271816253662
proto_pollution_reconstruction: 0.019788742065429688
