graph: 1533.98475
import: 834
injection_detection: 1368.6721324920654
injection_reconstruction: 6829.904079437256
proto_pollution_detection: 93.54734420776367
proto_pollution_reconstruction: 0.018596649169921875
