graph: 94.235721
import: 1307
injection_detection: 1794.5747375488281
proto_pollution_detection: 446.9037055969238
