graph: 2632.867685
import: 1290
injection_detection: 396.5795040130615
injection_reconstruction: 434.10325050354004
proto_pollution_detection: 1759.7582340240479
proto_pollution_reconstruction: 0.03504753112792969
