graph: 282.81125
import: 580
injection_detection: 202.00371742248535
injection_reconstruction: 3815.7970905303955
proto_pollution_detection: 334.48219299316406
proto_pollution_reconstruction: 0.017642974853515625
