graph: 698.025333
import: 738
injection_detection: 102.2789478302002
injection_reconstruction: 6623.0175495147705
proto_pollution_detection: 369.2662715911865
proto_pollution_reconstruction: 0.017404556274414062
