graph: 701.994709
import: 790
injection_detection: 99.88617897033691
injection_reconstruction: 7735.998153686523
proto_pollution_detection: 348.06227684020996
proto_pollution_reconstruction: 0.014543533325195312
