graph: 11122.354339
import: 949
injection_detection: 1413.8472080230713
injection_reconstruction: 8228.172063827515
proto_pollution_detection: 128.5104751586914
proto_pollution_reconstruction: 0.02002716064453125
