graph: 753.699709
import: 803
injection_detection: 102.13279724121094
injection_reconstruction: 6859.216690063477
proto_pollution_detection: 434.45277214050293
proto_pollution_reconstruction: 0.026941299438476562
