graph: 738.999584
import: 839
injection_detection: 110.0609302520752
injection_reconstruction: 6622.582912445068
proto_pollution_detection: 378.0210018157959
proto_pollution_reconstruction: 0.01621246337890625
