graph: 224.165875
import: 770
injection_detection: 1207.794189453125
injection_reconstruction: 6470.039367675781
proto_pollution_detection: 116.2421703338623
proto_pollution_reconstruction: 0.05602836608886719
