graph: 676.473459
import: 676
injection_detection: 100.40521621704102
injection_reconstruction: 5950.937747955322
proto_pollution_detection: 344.5911407470703
proto_pollution_reconstruction: 0.019550323486328125
