graph: 12267.203214
import: 913
injection_detection: 1357.6569557189941
injection_reconstruction: 7476.660251617432
proto_pollution_detection: 133.46505165100098
proto_pollution_reconstruction: 0.021696090698242188
