graph: 470.928416
import: 646
injection_detection: 116.53709411621094
injection_reconstruction: 4842.779874801636
proto_pollution_detection: 328.092098236084
proto_pollution_reconstruction: 0.025033950805664062
