graph: 417.700166
import: 582
injection_detection: 100.59762001037598
injection_reconstruction: 4050.929307937622
proto_pollution_detection: 307.7983856201172
proto_pollution_reconstruction: 0.030517578125
