graph: 112.629333
import: 656
injection_detection: 1266.0415172576904
injection_reconstruction: 4118.874549865723
proto_pollution_detection: 96.14276885986328
proto_pollution_reconstruction: 0.03218650817871094
