graph: 446.959875
import: 597
injection_detection: 101.48167610168457
injection_reconstruction: 4629.014253616333
proto_pollution_detection: 308.2611560821533
proto_pollution_reconstruction: 0.034809112548828125
