graph: 474.963375
import: 685
injection_detection: 95.87597846984863
injection_reconstruction: 4721.731185913086
proto_pollution_detection: 298.429012298584
proto_pollution_reconstruction: 0.02002716064453125
