graph: 3244.864162
import: 1416
injection_detection: 267.7619457244873
injection_reconstruction: 7354.896306991577
proto_pollution_detection: 545.7391738891602
proto_pollution_reconstruction: 0.03147125244140625
