graph: 111.136099
import: 1189
injection_detection: 2164.292335510254
proto_pollution_detection: 661.4689826965332
