graph: 158.497034
import: 1362
injection_detection: 2351.104736328125
proto_pollution_detection: 846.1146354675293
