graph: 2830.644601
import: 1460
injection_detection: 462.9685878753662
injection_reconstruction: 554.2623996734619
proto_pollution_detection: 1874.2187023162842
proto_pollution_reconstruction: 0.04553794860839844
