graph: 867.527125
import: 961
injection_detection: 1199.7325420379639
injection_reconstruction: 4330.496311187744
proto_pollution_detection: 519.8917388916016
proto_pollution_reconstruction: 208.59909057617188
