graph: 636.977084
import: 759
injection_detection: 220.63541412353516
injection_reconstruction: 2293.9674854278564
proto_pollution_detection: 527.0810127258301
proto_pollution_reconstruction: 0.02002716064453125
