graph: 492.782209
import: 635
injection_detection: 107.98215866088867
injection_reconstruction: 1524.9323844909668
proto_pollution_detection: 352.10466384887695
proto_pollution_reconstruction: 0.016450881958007812
