graph: 597.957375
import: 885
injection_detection: 232.0232391357422
injection_reconstruction: 2269.1500186920166
proto_pollution_detection: 566.5755271911621
proto_pollution_reconstruction: 0.03457069396972656
