graph: 564.625125
import: 674
injection_detection: 184.81731414794922
injection_reconstruction: 2002.155065536499
proto_pollution_detection: 469.3565368652344
proto_pollution_reconstruction: 0.018835067749023438
