graph: 266.213019
import: 1473
injection_detection: 2310.0059032440186
proto_pollution_detection: 914.4258499145508
