graph: 720.011459
import: 776
injection_detection: 111.20223999023438
injection_reconstruction: 7768.664598464966
proto_pollution_detection: 287.89448738098145
proto_pollution_reconstruction: 0.014781951904296875
