graph: 286.942916
import: 1115
injection_detection: 1239.9723529815674
injection_reconstruction: 6626.544952392578
proto_pollution_detection: 86.89069747924805
proto_pollution_reconstruction: 0.018596649169921875
