graph: 10924.886672
import: 896
injection_detection: 1487.0247840881348
injection_reconstruction: 8822.515964508057
proto_pollution_detection: 100.57187080383301
proto_pollution_reconstruction: 0.031232833862304688
