graph: 9816.337838
import: 882
injection_detection: 1480.2708625793457
injection_reconstruction: 8007.149457931519
proto_pollution_detection: 111.39941215515137
proto_pollution_reconstruction: 0.02574920654296875
