graph: 702.897292
import: 715
injection_detection: 122.78127670288086
injection_reconstruction: 7459.705591201782
proto_pollution_detection: 323.26698303222656
proto_pollution_reconstruction: 0.01621246337890625
