graph: 638.299667
import: 702
injection_detection: 116.59431457519531
injection_reconstruction: 6867.599248886108
proto_pollution_detection: 326.1117935180664
proto_pollution_reconstruction: 0.0171661376953125
