graph: 193.349834
import: 799
injection_detection: 1368.1402206420898
injection_reconstruction: 6204.332590103149
proto_pollution_detection: 88.04607391357422
proto_pollution_reconstruction: 0.015020370483398438
