graph: 701.884292
import: 756
injection_detection: 119.95196342468262
injection_reconstruction: 7329.256772994995
proto_pollution_detection: 322.1461772918701
proto_pollution_reconstruction: 0.0171661376953125
