graph: 1128.659709
import: 773
injection_detection: 114.79544639587402
injection_reconstruction: 6725.731611251831
proto_pollution_detection: 325.7331848144531
proto_pollution_reconstruction: 0.017642974853515625
