graph: 115.770959
import: 700
injection_detection: 1361.750602722168
injection_reconstruction: 0.023603439331054688
proto_pollution_detection: 1109.4779968261719
proto_pollution_reconstruction: 2137.244462966919
