graph: 114.489792
import: 832
injection_detection: 1271.8513011932373
injection_reconstruction: 0.0209808349609375
proto_pollution_detection: 933.6986541748047
proto_pollution_reconstruction: 1890.8841609954834
