graph: 346.565917
import: 764
injection_detection: 137.90130615234375
injection_reconstruction: 0.019550323486328125
proto_pollution_detection: 926.966667175293
proto_pollution_reconstruction: 1405.1754474639893
