graph: 359.136333
import: 691
injection_detection: 114.04109001159668
injection_reconstruction: 0.02384185791015625
proto_pollution_detection: 1336.338758468628
proto_pollution_reconstruction: 1636.41357421875
