graph: 117.215334
import: 915
injection_detection: 1248.0933666229248
injection_reconstruction: 0.015974044799804688
proto_pollution_detection: 1564.5954608917236
proto_pollution_reconstruction: 2618.326425552368
