graph: 318.6445
import: 632
injection_detection: 92.3459529876709
injection_reconstruction: 0.019550323486328125
proto_pollution_detection: 1097.905158996582
proto_pollution_reconstruction: 1363.8579845428467
