graph: 366.392
import: 672
injection_detection: 110.33964157104492
injection_reconstruction: 0.017404556274414062
proto_pollution_detection: 1208.9381217956543
proto_pollution_reconstruction: 1545.600414276123
