graph: 48403.675688
import: 1663
injection_detection: 1404.8128128051758
injection_reconstruction: 79702.56781578064

Timed out
