graph: 59216.520722
import: 3646
injection_detection: 2326.0018825531006

Timed out
