graph: 61715.016028
import: 2146
injection_detection: 1856.4801216125488
injection_reconstruction: 100930.72032928467

Timed out
