graph: 53659.790774
import: 2116
injection_detection: 1469.785451889038
injection_reconstruction: 97460.62707901001

Timed out
