graph: 2775.164593
import: 1310
injection_detection: 502.5749206542969
injection_reconstruction: 404.64091300964355
proto_pollution_detection: 2169.9466705322266
proto_pollution_reconstruction: 0.03504753112792969
