graph: 86.605117
import: 1225
injection_detection: 2367.417573928833
proto_pollution_detection: 800.2047538757324
