graph: 2686.941891
import: 1297
injection_detection: 439.1045570373535
injection_reconstruction: 491.7879104614258
proto_pollution_detection: 1943.8133239746094
proto_pollution_reconstruction: 0.048160552978515625
