graph: 112.514292
import: 781
injection_detection: 1323.66943359375
injection_reconstruction: 0.024080276489257812
proto_pollution_detection: 502.7956962585449
proto_pollution_reconstruction: 0.025272369384765625
