graph: 2809.398895
import: 1349
injection_detection: 184.3435764312744
injection_reconstruction: 0.031948089599609375
proto_pollution_detection: 1354.0027141571045
proto_pollution_reconstruction: 0.023365020751953125
