graph: 90.500083
import: 827
injection_detection: 1277.3807048797607
injection_reconstruction: 0.024557113647460938
proto_pollution_detection: 528.7635326385498
proto_pollution_reconstruction: 0.01621246337890625
