graph: 279.7805
import: 652
injection_detection: 89.15281295776367
injection_reconstruction: 0.016927719116210938
proto_pollution_detection: 478.9621829986572
proto_pollution_reconstruction: 0.027418136596679688
