graph: 290.694333
import: 594
injection_detection: 155.63035011291504
injection_reconstruction: 0.017881393432617188
proto_pollution_detection: 846.9343185424805
proto_pollution_reconstruction: 0.01811981201171875
