graph: 129.81494
import: 1360
injection_detection: 2323.7922191619873
proto_pollution_detection: 833.498477935791
