graph: 2826.913955
import: 1408
injection_detection: 442.7075386047363
injection_reconstruction: 416.5971279144287
proto_pollution_detection: 1790.1697158813477
proto_pollution_reconstruction: 0.03743171691894531
