graph: 142.408118
import: 1057
injection_detection: 1500.1678466796875
proto_pollution_detection: 444.9501037597656
