graph: 287.045834
import: 591
injection_detection: 113.4035587310791
injection_reconstruction: 1365.553379058838
proto_pollution_detection: 403.47957611083984
proto_pollution_reconstruction: 0.0247955322265625
