graph: 355.93275
import: 638
injection_detection: 202.5618553161621
injection_reconstruction: 1679.2080402374268
proto_pollution_detection: 440.1705265045166
proto_pollution_reconstruction: 0.015735626220703125
