graph: 295.726542
import: 617
injection_detection: 242.7229881286621
injection_reconstruction: 1914.435863494873
proto_pollution_detection: 527.0559787750244
proto_pollution_reconstruction: 0.021457672119140625
