graph: 81.300791
import: 650
injection_detection: 1141.7744159698486
injection_reconstruction: 1881.42991065979
proto_pollution_detection: 134.96136665344238
proto_pollution_reconstruction: 0.026702880859375
