graph: 324.788917
import: 638
injection_detection: 221.12178802490234
injection_reconstruction: 1921.910047531128
proto_pollution_detection: 522.0727920532227
proto_pollution_reconstruction: 0.018596649169921875
