graph: 4410.385544
import: 1519
injection_detection: 93.32919120788574
injection_reconstruction: 0.0171661376953125
proto_pollution_detection: 842.8266048431396
proto_pollution_reconstruction: 0.018596649169921875
