graph: 4692.065544
import: 1035
injection_detection: 142.52352714538574
injection_reconstruction: 0.05459785461425781
proto_pollution_detection: 923.9869117736816
proto_pollution_reconstruction: 0.027418136596679688
