graph: 2187.460418
import: 1279
injection_detection: 1391.7906284332275
injection_reconstruction: 0.022172927856445312
proto_pollution_detection: 616.9657707214355
proto_pollution_reconstruction: 0.03814697265625
