graph: 4553.936794
import: 1098
injection_detection: 90.51394462585449
injection_reconstruction: 0.020503997802734375
proto_pollution_detection: 696.2988376617432
proto_pollution_reconstruction: 0.022411346435546875
