graph: 50986.919774
import: 1714
injection_detection: 1399.561882019043
injection_reconstruction: 15627.26378440857

Timed out
