graph: 47756.221146
import: 1623
injection_detection: 1285.9771251678467
injection_reconstruction: 14122.472047805786

Timed out
