graph: 62269.07832
import: 2365
injection_detection: 1540.9717559814453
injection_reconstruction: 18534.943342208862

Timed out
