graph: 63632.756361
import: 2223
injection_detection: 1473.3448028564453
injection_reconstruction: 17843.77121925354

Timed out
