graph: 393.105
import: 688
injection_detection: 142.58670806884766
injection_reconstruction: 4195.50347328186
proto_pollution_detection: 440.71102142333984
proto_pollution_reconstruction: 0.025510787963867188
