graph: 333.172959
import: 627
injection_detection: 201.05242729187012
injection_reconstruction: 3951.855182647705
proto_pollution_detection: 418.6375141143799
proto_pollution_reconstruction: 0.017404556274414062
