graph: 2825.759945
import: 1387
injection_detection: 432.8935146331787
injection_reconstruction: 406.24117851257324
proto_pollution_detection: 1765.8350467681885
proto_pollution_reconstruction: 0.020265579223632812
