graph: 289.920125
import: 611
injection_detection: 204.2825222015381
injection_reconstruction: 3822.6399421691895
proto_pollution_detection: 334.1219425201416
proto_pollution_reconstruction: 0.018596649169921875
