graph: 127.00867
import: 1269
injection_detection: 1499.4885921478271
proto_pollution_detection: 415.01832008361816
