graph: 2571.257943
import: 1541
injection_detection: 434.7074031829834
injection_reconstruction: 482.3296070098877
proto_pollution_detection: 1850.5356311798096
proto_pollution_reconstruction: 0.0438690185546875
