graph: 476.51925
import: 733
injection_detection: 129.3168067932129
injection_reconstruction: 0.019550323486328125
proto_pollution_detection: 464.6108150482178
proto_pollution_reconstruction: 0.022649765014648438
