graph: 202.805458
import: 762
injection_detection: 1163.886308670044
injection_reconstruction: 3324.2979049682617
proto_pollution_detection: 179.40974235534668
proto_pollution_reconstruction: 0.016689300537109375
