graph: 691.833834
import: 821
injection_detection: 107.87153244018555
injection_reconstruction: 7759.493350982666
proto_pollution_detection: 372.6656436920166
proto_pollution_reconstruction: 0.0171661376953125
