graph: 658.510083
import: 722
injection_detection: 112.63775825500488
injection_reconstruction: 7019.531726837158
proto_pollution_detection: 355.74865341186523
proto_pollution_reconstruction: 0.02193450927734375
