graph: 724.360084
import: 830
injection_detection: 129.49371337890625
injection_reconstruction: 8159.077882766724
proto_pollution_detection: 326.5507221221924
proto_pollution_reconstruction: 0.020265579223632812
