graph: 703.662
import: 927
injection_detection: 108.59417915344238
injection_reconstruction: 7463.029623031616
proto_pollution_detection: 448.8523006439209
proto_pollution_reconstruction: 0.024557113647460938
