graph: 329.10275
import: 680
injection_detection: 205.84535598754883
injection_reconstruction: 4949.382543563843
proto_pollution_detection: 311.2952709197998
proto_pollution_reconstruction: 0.016450881958007812
