graph: 299.590334
import: 682
injection_detection: 210.54649353027344
injection_reconstruction: 4740.287065505981
proto_pollution_detection: 310.70542335510254
proto_pollution_reconstruction: 0.018358230590820312
