graph: 330.073084
import: 610
injection_detection: 241.50347709655762
injection_reconstruction: 5030.134677886963
proto_pollution_detection: 391.79253578186035
proto_pollution_reconstruction: 0.023603439331054688
