graph: 284.240667
import: 582
injection_detection: 118.41058731079102
injection_reconstruction: 4204.8585414886475
proto_pollution_detection: 299.2978096008301
proto_pollution_reconstruction: 0.0171661376953125
