graph: 231.256981
import: 1459
injection_detection: 2063.5859966278076
proto_pollution_detection: 633.7182521820068
