graph: 3156.692197
import: 1658
injection_detection: 199.01084899902344
injection_reconstruction: 9288.747787475586
proto_pollution_detection: 531.0029983520508
proto_pollution_reconstruction: 0.031948089599609375
