graph: 272.095937
import: 1383
injection_detection: 2122.1683025360107
proto_pollution_detection: 792.2677993774414
