graph: 1154.006958
import: 872
injection_detection: 120.04733085632324
injection_reconstruction: 4259.071350097656
proto_pollution_detection: 487.229585647583
proto_pollution_reconstruction: 0.022172927856445312
