graph: 1157.482916
import: 831
injection_detection: 107.6958179473877
injection_reconstruction: 3971.1129665374756
proto_pollution_detection: 362.2398376464844
proto_pollution_reconstruction: 0.026941299438476562
