graph: 1099.983876
import: 913
injection_detection: 100.00348091125488
injection_reconstruction: 3762.373924255371
proto_pollution_detection: 407.52601623535156
proto_pollution_reconstruction: 0.016689300537109375
