graph: 2811.934853
import: 1217
injection_detection: 429.32701110839844
injection_reconstruction: 518.2003974914551
proto_pollution_detection: 2080.2760124206543
proto_pollution_reconstruction: 0.03981590270996094
