graph: 337.888083
import: 620
injection_detection: 184.1418743133545
injection_reconstruction: 2842.3516750335693
proto_pollution_detection: 336.6868495941162
proto_pollution_reconstruction: 0.018835067749023438
