graph: 152.535382
import: 1265
injection_detection: 2122.5686073303223
proto_pollution_detection: 1863.8668060302734
