graph: 94.718417
import: 748
injection_detection: 1124.795913696289
injection_reconstruction: 0.0247955322265625
proto_pollution_detection: 984.1554164886475
proto_pollution_reconstruction: 2610.9249591827393
