graph: 116.095209
import: 792
injection_detection: 1345.5848693847656
injection_reconstruction: 0.041484832763671875
proto_pollution_detection: 1116.011142730713
proto_pollution_reconstruction: 2927.4680614471436
