graph: 98.27325
import: 588
injection_detection: 1031.6874980926514
injection_reconstruction: 0.019550323486328125
proto_pollution_detection: 896.8307971954346
proto_pollution_reconstruction: 2374.823570251465
