graph: 282.534709
import: 587
injection_detection: 119.51780319213867
injection_reconstruction: 0.017642974853515625
proto_pollution_detection: 672.5273132324219
proto_pollution_reconstruction: 1644.547462463379
