graph: 349.935875
import: 693
injection_detection: 99.26843643188477
injection_reconstruction: 0.0152587890625
proto_pollution_detection: 1069.5009231567383
proto_pollution_reconstruction: 1925.804615020752
