graph: 268.934083
import: 605
injection_detection: 91.32885932922363
injection_reconstruction: 0.014066696166992188
proto_pollution_detection: 1040.5867099761963
proto_pollution_reconstruction: 1721.8332290649414
