graph: 280.355958
import: 612
injection_detection: 102.47635841369629
injection_reconstruction: 0.015974044799804688
proto_pollution_detection: 1031.2800407409668
proto_pollution_reconstruction: 1700.1914978027344
