graph: 132.410792
import: 730
injection_detection: 1254.8036575317383
injection_reconstruction: 0.015735626220703125
proto_pollution_detection: 429.57377433776855
proto_pollution_reconstruction: 0.019788742065429688
