graph: 178.476291
import: 831
injection_detection: 1309.0600967407227
injection_reconstruction: 0.019073486328125
proto_pollution_detection: 614.6774291992188
proto_pollution_reconstruction: 0.03743171691894531
