graph: 135.874458
import: 934
injection_detection: 1077.8367519378662
injection_reconstruction: 0.03600120544433594
proto_pollution_detection: 403.7456512451172
proto_pollution_reconstruction: 0.017404556274414062
