graph: 368.63325
import: 622
injection_detection: 191.4069652557373
injection_reconstruction: 0.021219253540039062
proto_pollution_detection: 890.9258842468262
proto_pollution_reconstruction: 0.014781951904296875
