graph: 369.534917
import: 683
injection_detection: 251.73592567443848
injection_reconstruction: 0.015020370483398438
proto_pollution_detection: 851.1271476745605
proto_pollution_reconstruction: 0.020742416381835938
