graph: 402.379625
import: 684
injection_detection: 164.2313003540039
injection_reconstruction: 0.05626678466796875
proto_pollution_detection: 1384.6287727355957
proto_pollution_reconstruction: 0.09679794311523438
