graph: 343.715083
import: 592
injection_detection: 101.56512260437012
injection_reconstruction: 0.018596649169921875
proto_pollution_detection: 504.12893295288086
proto_pollution_reconstruction: 0.02384185791015625
