graph: 310.750875
import: 1221
injection_detection: 1968.6646461486816
injection_reconstruction: 0.023365020751953125
proto_pollution_detection: 3102.6432514190674
proto_pollution_reconstruction: 0.10013580322265625
