graph: 683.682001
import: 876
injection_detection: 99.93863105773926
injection_reconstruction: 0.019788742065429688
proto_pollution_detection: 1512.8273963928223
proto_pollution_reconstruction: 2793.704032897949
