graph: 557.758375
import: 653
injection_detection: 117.86246299743652
injection_reconstruction: 0.024557113647460938
proto_pollution_detection: 833.0423831939697
proto_pollution_reconstruction: 2056.6864013671875
