graph: 314.198792
import: 1134
injection_detection: 1349.3256568908691
injection_reconstruction: 0.016927719116210938
proto_pollution_detection: 2732.2998046875
proto_pollution_reconstruction: 0.023126602172851562
