graph: 410.390802
import: 1661
injection_detection: 1361.499309539795
proto_pollution_detection: 2038.3403301239014
