graph: 655.092458
import: 894
injection_detection: 73.05264472961426
injection_reconstruction: 0.024318695068359375
proto_pollution_detection: 1245.5756664276123
proto_pollution_reconstruction: 2300.6346225738525
