graph: 272.282875
import: 774
injection_detection: 1057.4274063110352
injection_reconstruction: 0.022411346435546875
proto_pollution_detection: 2268.400192260742
proto_pollution_reconstruction: 0.019073486328125
