graph: 650.968542
import: 822
injection_detection: 85.85095405578613
injection_reconstruction: 0.023126602172851562
proto_pollution_detection: 1384.7885131835938
proto_pollution_reconstruction: 2628.817558288574
