FromId:START_ID¿ToId:END_ID¿RelationLabel:TYPE¿RelationType¿IdentifierName¿ArgumentIndex¿ParamIndex¿StmtIndex¿ElementIndex¿ExpressionIndex¿MethodIndex¿SourceObjName¿IsProp
330¿331¿AST¿callee¿¿¿¿¿¿¿¿¿false
330¿332¿AST¿arg¿¿1¿¿¿¿¿¿¿false
329¿330¿AST¿init¿¿¿¿¿¿¿¿¿false
334¿335¿AST¿callee¿¿¿¿¿¿¿¿¿false
334¿336¿AST¿arg¿¿1¿¿¿¿¿¿¿false
333¿334¿AST¿init¿¿¿¿¿¿¿¿¿false
338¿339¿AST¿callee¿¿¿¿¿¿¿¿¿false
338¿340¿AST¿arg¿¿1¿¿¿¿¿¿¿false
337¿338¿AST¿init¿¿¿¿¿¿¿¿¿false
342¿343¿AST¿param¿¿¿1¿¿¿¿¿¿false
342¿344¿AST¿param¿¿¿2¿¿¿¿¿¿false
346¿347¿AST¿callee¿¿¿¿¿¿¿¿¿false
346¿348¿AST¿arg¿¿1¿¿¿¿¿¿¿false
345¿346¿AST¿init¿¿¿¿¿¿¿¿¿false
350¿351¿AST¿object¿¿¿¿¿¿¿¿¿false
350¿352¿AST¿property¿¿¿¿¿¿¿¿¿false
349¿350¿AST¿init¿¿¿¿¿¿¿¿¿false
355¿356¿AST¿object¿¿¿¿¿¿¿¿¿false
355¿357¿AST¿property¿¿¿¿¿¿¿¿¿false
354¿355¿AST¿callee¿¿¿¿¿¿¿¿¿false
354¿358¿AST¿arg¿¿1¿¿¿¿¿¿¿false
353¿354¿AST¿init¿¿¿¿¿¿¿¿¿false
360¿361¿AST¿object¿¿¿¿¿¿¿¿¿false
360¿362¿AST¿property¿¿¿¿¿¿¿¿¿false
359¿360¿AST¿init¿¿¿¿¿¿¿¿¿false
365¿366¿AST¿object¿¿¿¿¿¿¿¿¿false
365¿367¿AST¿property¿¿¿¿¿¿¿¿¿false
364¿365¿AST¿callee¿¿¿¿¿¿¿¿¿false
363¿364¿AST¿init¿¿¿¿¿¿¿¿¿false
370¿371¿AST¿object¿¿¿¿¿¿¿¿¿false
370¿372¿AST¿property¿¿¿¿¿¿¿¿¿false
369¿370¿AST¿callee¿¿¿¿¿¿¿¿¿false
369¿373¿AST¿arg¿¿1¿¿¿¿¿¿¿false
369¿374¿AST¿arg¿¿2¿¿¿¿¿¿¿false
368¿369¿AST¿init¿¿¿¿¿¿¿¿¿false
376¿377¿AST¿param¿¿¿1¿¿¿¿¿¿false
378¿379¿AST¿init¿¿¿¿¿¿¿¿¿false
382¿383¿AST¿object¿¿¿¿¿¿¿¿¿false
382¿384¿AST¿property¿¿¿¿¿¿¿¿¿false
381¿382¿AST¿left¿¿¿¿¿¿¿¿¿false
381¿385¿AST¿right¿¿¿¿¿¿¿¿¿false
380¿381¿AST¿expression¿¿¿¿¿¿¿¿¿false
387¿388¿AST¿argument¿¿¿¿¿¿¿¿¿false
386¿387¿AST¿init¿¿¿¿¿¿¿¿¿false
393¿394¿AST¿object¿¿¿¿¿¿¿¿¿false
393¿395¿AST¿property¿¿¿¿¿¿¿¿¿false
392¿393¿AST¿callee¿¿¿¿¿¿¿¿¿false
392¿396¿AST¿arg¿¿1¿¿¿¿¿¿¿false
392¿397¿AST¿arg¿¿2¿¿¿¿¿¿¿false
391¿392¿AST¿init¿¿¿¿¿¿¿¿¿false
398¿399¿AST¿expression¿¿¿¿¿¿¿¿¿false
401¿402¿AST¿left¿¿¿¿¿¿¿¿¿false
401¿403¿AST¿right¿¿¿¿¿¿¿¿¿false
400¿401¿AST¿init¿¿¿¿¿¿¿¿¿false
405¿406¿AST¿left¿¿¿¿¿¿¿¿¿false
405¿407¿AST¿right¿¿¿¿¿¿¿¿¿false
404¿405¿AST¿init¿¿¿¿¿¿¿¿¿false
410¿411¿AST¿object¿¿¿¿¿¿¿¿¿false
410¿412¿AST¿property¿¿¿¿¿¿¿¿¿false
409¿410¿AST¿callee¿¿¿¿¿¿¿¿¿false
409¿413¿AST¿arg¿¿1¿¿¿¿¿¿¿false
408¿409¿AST¿init¿¿¿¿¿¿¿¿¿false
414¿415¿AST¿expression¿¿¿¿¿¿¿¿¿false
418¿419¿AST¿object¿¿¿¿¿¿¿¿¿false
418¿420¿AST¿property¿¿¿¿¿¿¿¿¿false
417¿418¿AST¿callee¿¿¿¿¿¿¿¿¿false
416¿417¿AST¿init¿¿¿¿¿¿¿¿¿false
421¿422¿AST¿expression¿¿¿¿¿¿¿¿¿false
424¿391¿AST¿stmt¿¿¿¿1¿¿¿¿¿false
424¿398¿AST¿stmt¿¿¿¿2¿¿¿¿¿false
424¿400¿AST¿stmt¿¿¿¿3¿¿¿¿¿false
424¿404¿AST¿stmt¿¿¿¿4¿¿¿¿¿false
424¿408¿AST¿stmt¿¿¿¿5¿¿¿¿¿false
424¿414¿AST¿stmt¿¿¿¿6¿¿¿¿¿false
424¿416¿AST¿stmt¿¿¿¿7¿¿¿¿¿false
424¿421¿AST¿stmt¿¿¿¿8¿¿¿¿¿false
424¿423¿AST¿stmt¿¿¿¿9¿¿¿¿¿false
389¿390¿AST¿test¿¿¿¿¿¿¿¿¿false
389¿424¿AST¿then¿¿¿¿¿¿¿¿¿false
427¿428¿AST¿object¿¿¿¿¿¿¿¿¿false
427¿429¿AST¿property¿¿¿¿¿¿¿¿¿false
426¿427¿AST¿callee¿¿¿¿¿¿¿¿¿false
426¿430¿AST¿arg¿¿1¿¿¿¿¿¿¿false
425¿426¿AST¿init¿¿¿¿¿¿¿¿¿false
433¿434¿AST¿object¿¿¿¿¿¿¿¿¿false
433¿435¿AST¿property¿¿¿¿¿¿¿¿¿false
432¿433¿AST¿callee¿¿¿¿¿¿¿¿¿false
431¿432¿AST¿init¿¿¿¿¿¿¿¿¿false
440¿441¿AST¿object¿¿¿¿¿¿¿¿¿false
440¿442¿AST¿property¿¿¿¿¿¿¿¿¿false
439¿440¿AST¿left¿¿¿¿¿¿¿¿¿false
439¿443¿AST¿right¿¿¿¿¿¿¿¿¿false
438¿439¿AST¿expression¿¿¿¿¿¿¿¿¿false
445¿446¿AST¿left¿¿¿¿¿¿¿¿¿false
445¿447¿AST¿right¿¿¿¿¿¿¿¿¿false
444¿445¿AST¿expression¿¿¿¿¿¿¿¿¿false
449¿450¿AST¿left¿¿¿¿¿¿¿¿¿false
449¿451¿AST¿right¿¿¿¿¿¿¿¿¿false
448¿449¿AST¿expression¿¿¿¿¿¿¿¿¿false
453¿454¿AST¿left¿¿¿¿¿¿¿¿¿false
453¿455¿AST¿right¿¿¿¿¿¿¿¿¿false
452¿453¿AST¿expression¿¿¿¿¿¿¿¿¿false
456¿438¿AST¿stmt¿¿¿¿1¿¿¿¿¿false
456¿444¿AST¿stmt¿¿¿¿2¿¿¿¿¿false
456¿448¿AST¿stmt¿¿¿¿3¿¿¿¿¿false
456¿452¿AST¿stmt¿¿¿¿4¿¿¿¿¿false
436¿437¿AST¿test¿¿¿¿¿¿¿¿¿false
436¿456¿AST¿then¿¿¿¿¿¿¿¿¿false
458¿459¿AST¿param¿¿¿1¿¿¿¿¿¿false
458¿460¿AST¿param¿¿¿2¿¿¿¿¿¿false
465¿466¿AST¿object¿¿¿¿¿¿¿¿¿false
465¿467¿AST¿property¿¿¿¿¿¿¿¿¿false
464¿465¿AST¿callee¿¿¿¿¿¿¿¿¿false
464¿468¿AST¿arg¿¿1¿¿¿¿¿¿¿false
464¿469¿AST¿arg¿¿2¿¿¿¿¿¿¿false
463¿464¿AST¿init¿¿¿¿¿¿¿¿¿false
470¿471¿AST¿expression¿¿¿¿¿¿¿¿¿false
473¿474¿AST¿left¿¿¿¿¿¿¿¿¿false
473¿475¿AST¿right¿¿¿¿¿¿¿¿¿false
472¿473¿AST¿init¿¿¿¿¿¿¿¿¿false
478¿479¿AST¿object¿¿¿¿¿¿¿¿¿false
478¿480¿AST¿property¿¿¿¿¿¿¿¿¿false
477¿478¿AST¿callee¿¿¿¿¿¿¿¿¿false
477¿481¿AST¿arg¿¿1¿¿¿¿¿¿¿false
476¿477¿AST¿init¿¿¿¿¿¿¿¿¿false
482¿483¿AST¿expression¿¿¿¿¿¿¿¿¿false
486¿487¿AST¿object¿¿¿¿¿¿¿¿¿false
486¿488¿AST¿property¿¿¿¿¿¿¿¿¿false
485¿486¿AST¿callee¿¿¿¿¿¿¿¿¿false
484¿485¿AST¿init¿¿¿¿¿¿¿¿¿false
489¿490¿AST¿expression¿¿¿¿¿¿¿¿¿false
492¿463¿AST¿stmt¿¿¿¿1¿¿¿¿¿false
492¿470¿AST¿stmt¿¿¿¿2¿¿¿¿¿false
492¿472¿AST¿stmt¿¿¿¿3¿¿¿¿¿false
492¿476¿AST¿stmt¿¿¿¿4¿¿¿¿¿false
492¿482¿AST¿stmt¿¿¿¿5¿¿¿¿¿false
492¿484¿AST¿stmt¿¿¿¿6¿¿¿¿¿false
492¿489¿AST¿stmt¿¿¿¿7¿¿¿¿¿false
492¿491¿AST¿stmt¿¿¿¿8¿¿¿¿¿false
461¿462¿AST¿test¿¿¿¿¿¿¿¿¿false
461¿492¿AST¿then¿¿¿¿¿¿¿¿¿false
495¿496¿AST¿object¿¿¿¿¿¿¿¿¿false
495¿497¿AST¿property¿¿¿¿¿¿¿¿¿false
494¿495¿AST¿callee¿¿¿¿¿¿¿¿¿false
494¿498¿AST¿arg¿¿1¿¿¿¿¿¿¿false
494¿499¿AST¿arg¿¿2¿¿¿¿¿¿¿false
493¿494¿AST¿init¿¿¿¿¿¿¿¿¿false
500¿501¿AST¿expression¿¿¿¿¿¿¿¿¿false
504¿505¿AST¿object¿¿¿¿¿¿¿¿¿false
504¿506¿AST¿property¿¿¿¿¿¿¿¿¿false
503¿504¿AST¿callee¿¿¿¿¿¿¿¿¿false
503¿507¿AST¿arg¿¿1¿¿¿¿¿¿¿false
503¿508¿AST¿arg¿¿2¿¿¿¿¿¿¿false
502¿503¿AST¿init¿¿¿¿¿¿¿¿¿false
509¿510¿AST¿expression¿¿¿¿¿¿¿¿¿false
513¿514¿AST¿object¿¿¿¿¿¿¿¿¿false
513¿515¿AST¿property¿¿¿¿¿¿¿¿¿false
512¿513¿AST¿callee¿¿¿¿¿¿¿¿¿false
511¿512¿AST¿init¿¿¿¿¿¿¿¿¿false
516¿517¿AST¿expression¿¿¿¿¿¿¿¿¿false
518¿461¿AST¿stmt¿¿¿¿1¿¿¿¿¿false
518¿493¿AST¿stmt¿¿¿¿2¿¿¿¿¿false
518¿500¿AST¿stmt¿¿¿¿3¿¿¿¿¿false
518¿502¿AST¿stmt¿¿¿¿4¿¿¿¿¿false
518¿509¿AST¿stmt¿¿¿¿5¿¿¿¿¿false
518¿511¿AST¿stmt¿¿¿¿6¿¿¿¿¿false
518¿516¿AST¿stmt¿¿¿¿7¿¿¿¿¿false
458¿518¿AST¿block¿¿¿¿¿¿¿¿¿false
457¿458¿AST¿init¿¿¿¿¿¿¿¿¿false
521¿522¿AST¿object¿¿¿¿¿¿¿¿¿false
521¿523¿AST¿property¿¿¿¿¿¿¿¿¿false
520¿521¿AST¿callee¿¿¿¿¿¿¿¿¿false
520¿524¿AST¿arg¿¿1¿¿¿¿¿¿¿false
520¿525¿AST¿arg¿¿2¿¿¿¿¿¿¿false
520¿526¿AST¿arg¿¿3¿¿¿¿¿¿¿false
519¿520¿AST¿init¿¿¿¿¿¿¿¿¿false
527¿528¿AST¿expression¿¿¿¿¿¿¿¿¿false
529¿378¿AST¿stmt¿¿¿¿1¿¿¿¿¿false
529¿380¿AST¿stmt¿¿¿¿2¿¿¿¿¿false
529¿386¿AST¿stmt¿¿¿¿3¿¿¿¿¿false
529¿389¿AST¿stmt¿¿¿¿4¿¿¿¿¿false
529¿425¿AST¿stmt¿¿¿¿5¿¿¿¿¿false
529¿431¿AST¿stmt¿¿¿¿6¿¿¿¿¿false
529¿436¿AST¿stmt¿¿¿¿7¿¿¿¿¿false
529¿457¿AST¿stmt¿¿¿¿8¿¿¿¿¿false
529¿519¿AST¿stmt¿¿¿¿9¿¿¿¿¿false
529¿527¿AST¿stmt¿¿¿¿10¿¿¿¿¿false
376¿529¿AST¿block¿¿¿¿¿¿¿¿¿false
375¿376¿AST¿init¿¿¿¿¿¿¿¿¿false
532¿533¿AST¿object¿¿¿¿¿¿¿¿¿false
532¿534¿AST¿property¿¿¿¿¿¿¿¿¿false
531¿532¿AST¿callee¿¿¿¿¿¿¿¿¿false
531¿535¿AST¿arg¿¿1¿¿¿¿¿¿¿false
531¿536¿AST¿arg¿¿2¿¿¿¿¿¿¿false
530¿531¿AST¿init¿¿¿¿¿¿¿¿¿false
537¿538¿AST¿expression¿¿¿¿¿¿¿¿¿false
539¿345¿AST¿stmt¿¿¿¿1¿¿¿¿¿false
539¿349¿AST¿stmt¿¿¿¿2¿¿¿¿¿false
539¿353¿AST¿stmt¿¿¿¿3¿¿¿¿¿false
539¿359¿AST¿stmt¿¿¿¿4¿¿¿¿¿false
539¿363¿AST¿stmt¿¿¿¿5¿¿¿¿¿false
539¿368¿AST¿stmt¿¿¿¿6¿¿¿¿¿false
539¿375¿AST¿stmt¿¿¿¿7¿¿¿¿¿false
539¿530¿AST¿stmt¿¿¿¿8¿¿¿¿¿false
539¿537¿AST¿stmt¿¿¿¿9¿¿¿¿¿false
342¿539¿AST¿block¿¿¿¿¿¿¿¿¿false
341¿342¿AST¿init¿¿¿¿¿¿¿¿¿false
542¿543¿AST¿object¿¿¿¿¿¿¿¿¿false
542¿544¿AST¿property¿¿¿¿¿¿¿¿¿false
541¿542¿AST¿callee¿¿¿¿¿¿¿¿¿false
541¿545¿AST¿arg¿¿1¿¿¿¿¿¿¿false
540¿541¿AST¿init¿¿¿¿¿¿¿¿¿false
548¿549¿AST¿object¿¿¿¿¿¿¿¿¿false
548¿550¿AST¿property¿¿¿¿¿¿¿¿¿false
547¿548¿AST¿callee¿¿¿¿¿¿¿¿¿false
547¿551¿AST¿arg¿¿1¿¿¿¿¿¿¿false
546¿547¿AST¿init¿¿¿¿¿¿¿¿¿false
552¿553¿AST¿expression¿¿¿¿¿¿¿¿¿false
555¿556¿AST¿callee¿¿¿¿¿¿¿¿¿false
555¿557¿AST¿arg¿¿1¿¿¿¿¿¿¿false
554¿555¿AST¿init¿¿¿¿¿¿¿¿¿false
559¿560¿AST¿callee¿¿¿¿¿¿¿¿¿false
559¿561¿AST¿arg¿¿1¿¿¿¿¿¿¿false
558¿559¿AST¿init¿¿¿¿¿¿¿¿¿false
562¿563¿AST¿expression¿¿¿¿¿¿¿¿¿false
328¿329¿AST¿1¿¿¿¿¿¿¿¿¿false
328¿333¿AST¿2¿¿¿¿¿¿¿¿¿false
328¿337¿AST¿3¿¿¿¿¿¿¿¿¿false
328¿341¿AST¿4¿¿¿¿¿¿¿¿¿false
328¿540¿AST¿5¿¿¿¿¿¿¿¿¿false
328¿546¿AST¿6¿¿¿¿¿¿¿¿¿false
328¿552¿AST¿7¿¿¿¿¿¿¿¿¿false
328¿554¿AST¿8¿¿¿¿¿¿¿¿¿false
328¿558¿AST¿9¿¿¿¿¿¿¿¿¿false
328¿562¿AST¿10¿¿¿¿¿¿¿¿¿false
564¿329¿CFG¿¿¿¿¿¿¿¿¿¿false
329¿333¿CFG¿¿¿¿¿¿¿¿¿¿false
333¿337¿CFG¿¿¿¿¿¿¿¿¿¿false
345¿349¿CFG¿¿¿¿¿¿¿¿¿¿false
349¿353¿CFG¿¿¿¿¿¿¿¿¿¿false
353¿359¿CFG¿¿¿¿¿¿¿¿¿¿false
359¿363¿CFG¿¿¿¿¿¿¿¿¿¿false
363¿368¿CFG¿¿¿¿¿¿¿¿¿¿false
378¿380¿CFG¿¿¿¿¿¿¿¿¿¿false
380¿386¿CFG¿¿¿¿¿¿¿¿¿¿false
391¿398¿CFG¿¿¿¿¿¿¿¿¿¿false
398¿400¿CFG¿¿¿¿¿¿¿¿¿¿false
400¿404¿CFG¿¿¿¿¿¿¿¿¿¿false
404¿408¿CFG¿¿¿¿¿¿¿¿¿¿false
408¿414¿CFG¿¿¿¿¿¿¿¿¿¿false
414¿416¿CFG¿¿¿¿¿¿¿¿¿¿false
416¿421¿CFG¿¿¿¿¿¿¿¿¿¿false
421¿423¿CFG¿¿¿¿¿¿¿¿¿¿false
389¿390¿CFG¿test¿¿¿¿¿¿¿¿¿false
390¿391¿CFG¿TRUE¿¿¿¿¿¿¿¿¿false
423¿570¿CFG¿¿¿¿¿¿¿¿¿¿false
390¿570¿CFG¿FALSE¿¿¿¿¿¿¿¿¿false
386¿389¿CFG¿¿¿¿¿¿¿¿¿¿false
570¿425¿CFG¿¿¿¿¿¿¿¿¿¿false
425¿431¿CFG¿¿¿¿¿¿¿¿¿¿false
438¿444¿CFG¿¿¿¿¿¿¿¿¿¿false
444¿448¿CFG¿¿¿¿¿¿¿¿¿¿false
448¿452¿CFG¿¿¿¿¿¿¿¿¿¿false
436¿437¿CFG¿test¿¿¿¿¿¿¿¿¿false
437¿438¿CFG¿TRUE¿¿¿¿¿¿¿¿¿false
452¿571¿CFG¿¿¿¿¿¿¿¿¿¿false
437¿571¿CFG¿FALSE¿¿¿¿¿¿¿¿¿false
431¿436¿CFG¿¿¿¿¿¿¿¿¿¿false
463¿470¿CFG¿¿¿¿¿¿¿¿¿¿false
470¿472¿CFG¿¿¿¿¿¿¿¿¿¿false
472¿476¿CFG¿¿¿¿¿¿¿¿¿¿false
476¿482¿CFG¿¿¿¿¿¿¿¿¿¿false
482¿484¿CFG¿¿¿¿¿¿¿¿¿¿false
484¿489¿CFG¿¿¿¿¿¿¿¿¿¿false
489¿491¿CFG¿¿¿¿¿¿¿¿¿¿false
461¿462¿CFG¿test¿¿¿¿¿¿¿¿¿false
462¿463¿CFG¿TRUE¿¿¿¿¿¿¿¿¿false
491¿574¿CFG¿¿¿¿¿¿¿¿¿¿false
462¿574¿CFG¿FALSE¿¿¿¿¿¿¿¿¿false
574¿493¿CFG¿¿¿¿¿¿¿¿¿¿false
493¿500¿CFG¿¿¿¿¿¿¿¿¿¿false
500¿502¿CFG¿¿¿¿¿¿¿¿¿¿false
502¿509¿CFG¿¿¿¿¿¿¿¿¿¿false
509¿511¿CFG¿¿¿¿¿¿¿¿¿¿false
511¿516¿CFG¿¿¿¿¿¿¿¿¿¿false
572¿461¿CFG¿¿¿¿¿¿¿¿¿¿false
516¿573¿CFG¿¿¿¿¿¿¿¿¿¿false
457¿572¿FD¿FD¿¿¿¿¿¿¿¿¿false
458¿572¿FD¿FD¿¿¿¿¿¿¿¿¿false
571¿457¿CFG¿¿¿¿¿¿¿¿¿¿false
457¿519¿CFG¿¿¿¿¿¿¿¿¿¿false
519¿527¿CFG¿¿¿¿¿¿¿¿¿¿false
568¿378¿CFG¿¿¿¿¿¿¿¿¿¿false
527¿569¿CFG¿¿¿¿¿¿¿¿¿¿false
375¿568¿FD¿FD¿¿¿¿¿¿¿¿¿false
376¿568¿FD¿FD¿¿¿¿¿¿¿¿¿false
368¿375¿CFG¿¿¿¿¿¿¿¿¿¿false
375¿530¿CFG¿¿¿¿¿¿¿¿¿¿false
530¿537¿CFG¿¿¿¿¿¿¿¿¿¿false
566¿345¿CFG¿¿¿¿¿¿¿¿¿¿false
537¿567¿CFG¿¿¿¿¿¿¿¿¿¿false
341¿566¿FD¿FD¿¿¿¿¿¿¿¿¿false
342¿566¿FD¿FD¿¿¿¿¿¿¿¿¿false
337¿341¿CFG¿¿¿¿¿¿¿¿¿¿false
341¿540¿CFG¿¿¿¿¿¿¿¿¿¿false
540¿546¿CFG¿¿¿¿¿¿¿¿¿¿false
546¿552¿CFG¿¿¿¿¿¿¿¿¿¿false
552¿554¿CFG¿¿¿¿¿¿¿¿¿¿false
554¿558¿CFG¿¿¿¿¿¿¿¿¿¿false
558¿562¿CFG¿¿¿¿¿¿¿¿¿¿false
562¿565¿CFG¿¿¿¿¿¿¿¿¿¿false
329¿576¿REF¿obj¿¿¿¿¿¿¿¿¿false
328¿576¿REF¿call¿¿¿¿¿¿¿¿¿false
329¿577¿REF¿obj¿¿¿¿¿¿¿¿¿false
576¿577¿PDG¿RET¿¿¿¿¿¿¿¿¿false
333¿579¿REF¿obj¿¿¿¿¿¿¿¿¿false
328¿579¿REF¿call¿¿¿¿¿¿¿¿¿false
333¿580¿REF¿obj¿¿¿¿¿¿¿¿¿false
579¿580¿PDG¿RET¿¿¿¿¿¿¿¿¿false
337¿582¿REF¿obj¿¿¿¿¿¿¿¿¿false
328¿582¿REF¿call¿¿¿¿¿¿¿¿¿false
337¿583¿REF¿obj¿¿¿¿¿¿¿¿¿false
582¿583¿PDG¿RET¿¿¿¿¿¿¿¿¿false
341¿585¿REF¿param¿¿¿this¿¿¿¿¿¿false
575¿586¿PDG¿TAINT¿¿¿¿¿¿¿¿¿false
341¿586¿REF¿param¿¿¿0¿¿¿¿¿¿false
575¿587¿PDG¿TAINT¿¿¿¿¿¿¿¿¿false
341¿587¿REF¿param¿¿¿1¿¿¿¿¿¿false
341¿588¿REF¿obj¿¿¿¿¿¿¿¿¿false
540¿589¿REF¿obj¿¿¿¿¿¿¿¿¿false
328¿589¿REF¿call¿¿¿¿¿¿¿¿¿false
540¿590¿REF¿obj¿¿¿¿¿¿¿¿¿false
589¿590¿PDG¿RET¿¿¿¿¿¿¿¿¿false
583¿589¿PDG¿ARG¿this¿¿¿¿¿¿¿¿false
588¿589¿PDG¿ARG¿undefined¿¿¿¿¿¿¿¿false
546¿591¿REF¿obj¿¿¿¿¿¿¿¿¿false
328¿591¿REF¿call¿¿¿¿¿¿¿¿¿false
546¿592¿REF¿obj¿¿¿¿¿¿¿¿¿false
591¿592¿PDG¿RET¿¿¿¿¿¿¿¿¿false
590¿591¿PDG¿ARG¿this¿¿¿¿¿¿¿¿false
554¿593¿REF¿obj¿¿¿¿¿¿¿¿¿false
328¿593¿REF¿call¿¿¿¿¿¿¿¿¿false
554¿594¿REF¿obj¿¿¿¿¿¿¿¿¿false
593¿594¿PDG¿RET¿¿¿¿¿¿¿¿¿false
558¿596¿REF¿obj¿¿¿¿¿¿¿¿¿false
328¿596¿REF¿call¿¿¿¿¿¿¿¿¿false
558¿597¿REF¿obj¿¿¿¿¿¿¿¿¿false
596¿597¿PDG¿RET¿¿¿¿¿¿¿¿¿false
590¿596¿PDG¿ARG¿undefined¿¿¿¿¿¿¿¿false
345¿598¿REF¿obj¿¿¿¿¿¿¿¿¿false
341¿598¿REF¿call¿¿¿¿¿¿¿¿¿false
345¿599¿REF¿obj¿¿¿¿¿¿¿¿¿false
598¿599¿PDG¿RET¿¿¿¿¿¿¿¿¿false
586¿601¿PDG¿SO¿url¿¿¿¿¿¿¿¿false
353¿602¿REF¿obj¿¿¿¿¿¿¿¿¿false
341¿602¿REF¿call¿¿¿¿¿¿¿¿¿false
353¿603¿REF¿obj¿¿¿¿¿¿¿¿¿false
602¿603¿PDG¿RET¿¿¿¿¿¿¿¿¿false
599¿602¿PDG¿ARG¿this¿¿¿¿¿¿¿¿false
601¿602¿PDG¿ARG¿undefined¿¿¿¿¿¿¿¿false
603¿604¿PDG¿SO¿pathname¿¿¿¿¿¿¿¿false
363¿605¿REF¿obj¿¿¿¿¿¿¿¿¿false
341¿605¿REF¿call¿¿¿¿¿¿¿¿¿false
363¿606¿REF¿obj¿¿¿¿¿¿¿¿¿false
605¿606¿PDG¿RET¿¿¿¿¿¿¿¿¿false
368¿607¿REF¿obj¿¿¿¿¿¿¿¿¿false
341¿607¿REF¿call¿¿¿¿¿¿¿¿¿false
368¿608¿REF¿obj¿¿¿¿¿¿¿¿¿false
607¿608¿PDG¿RET¿¿¿¿¿¿¿¿¿false
577¿607¿PDG¿ARG¿this¿¿¿¿¿¿¿¿false
606¿607¿PDG¿ARG¿undefined¿¿¿¿¿¿¿¿false
604¿607¿PDG¿ARG¿undefined¿¿¿¿¿¿¿¿false
375¿609¿REF¿param¿¿¿this¿¿¿¿¿¿false
375¿610¿REF¿param¿¿¿0¿¿¿¿¿¿false
375¿611¿REF¿obj¿¿¿¿¿¿¿¿¿false
530¿612¿REF¿obj¿¿¿¿¿¿¿¿¿false
341¿612¿REF¿call¿¿¿¿¿¿¿¿¿false
530¿613¿REF¿obj¿¿¿¿¿¿¿¿¿false
612¿613¿PDG¿RET¿¿¿¿¿¿¿¿¿false
580¿612¿PDG¿ARG¿this¿¿¿¿¿¿¿¿false
608¿612¿PDG¿ARG¿undefined¿¿¿¿¿¿¿¿false
611¿612¿PDG¿ARG¿undefined¿¿¿¿¿¿¿¿false
378¿614¿REF¿obj¿¿¿¿¿¿¿¿¿false
614¿615¿PDG¿NV¿"Content-Type"¿¿¿¿¿¿¿¿false
615¿616¿PDG¿SO¿"Content-Type"¿¿¿¿¿¿¿¿false
380¿616¿REF¿obj¿¿¿¿¿¿¿¿¿false
391¿617¿REF¿obj¿¿¿¿¿¿¿¿¿false
375¿617¿REF¿call¿¿¿¿¿¿¿¿¿false
391¿618¿REF¿obj¿¿¿¿¿¿¿¿¿false
617¿618¿PDG¿RET¿¿¿¿¿¿¿¿¿false
587¿617¿PDG¿ARG¿this¿¿¿¿¿¿¿¿false
615¿617¿PDG¿ARG¿undefined¿¿¿¿¿¿¿¿false
400¿619¿REF¿obj¿¿¿¿¿¿¿¿¿false
608¿619¿PDG¿DEP¿filename¿¿¿¿¿¿¿¿false
404¿620¿REF¿obj¿¿¿¿¿¿¿¿¿false
619¿620¿PDG¿DEP¿v36¿¿¿¿¿¿¿¿false
408¿621¿REF¿obj¿¿¿¿¿¿¿¿¿false
375¿621¿REF¿call¿¿¿¿¿¿¿¿¿false
408¿622¿REF¿obj¿¿¿¿¿¿¿¿¿false
621¿622¿PDG¿RET¿¿¿¿¿¿¿¿¿false
587¿621¿PDG¿ARG¿this¿¿¿¿¿¿¿¿false
620¿621¿PDG¿ARG¿undefined¿¿¿¿¿¿¿¿false
416¿624¿REF¿obj¿¿¿¿¿¿¿¿¿false
375¿624¿REF¿call¿¿¿¿¿¿¿¿¿false
416¿625¿REF¿obj¿¿¿¿¿¿¿¿¿false
624¿625¿PDG¿RET¿¿¿¿¿¿¿¿¿false
587¿624¿PDG¿ARG¿this¿¿¿¿¿¿¿¿false
425¿626¿REF¿obj¿¿¿¿¿¿¿¿¿false
375¿626¿REF¿call¿¿¿¿¿¿¿¿¿false
425¿627¿REF¿obj¿¿¿¿¿¿¿¿¿false
626¿627¿PDG¿RET¿¿¿¿¿¿¿¿¿false
580¿626¿PDG¿ARG¿this¿¿¿¿¿¿¿¿false
608¿626¿PDG¿ARG¿undefined¿¿¿¿¿¿¿¿false
431¿628¿REF¿obj¿¿¿¿¿¿¿¿¿false
375¿628¿REF¿call¿¿¿¿¿¿¿¿¿false
431¿629¿REF¿obj¿¿¿¿¿¿¿¿¿false
628¿629¿PDG¿RET¿¿¿¿¿¿¿¿¿false
627¿628¿PDG¿ARG¿this¿¿¿¿¿¿¿¿false
615¿630¿PDG¿NV¿"Content-Type"¿¿¿¿¿¿¿¿false
630¿631¿PDG¿SO¿"Content-Type"¿¿¿¿¿¿¿¿false
438¿631¿REF¿obj¿¿¿¿¿¿¿¿¿false
444¿632¿REF¿obj¿¿¿¿¿¿¿¿¿false
448¿633¿REF¿obj¿¿¿¿¿¿¿¿¿false
457¿634¿REF¿param¿¿¿this¿¿¿¿¿¿false
457¿635¿REF¿param¿¿¿0¿¿¿¿¿¿false
457¿636¿REF¿param¿¿¿1¿¿¿¿¿¿false
457¿637¿REF¿obj¿¿¿¿¿¿¿¿¿false
519¿638¿REF¿obj¿¿¿¿¿¿¿¿¿false
375¿638¿REF¿call¿¿¿¿¿¿¿¿¿false
519¿639¿REF¿obj¿¿¿¿¿¿¿¿¿false
638¿639¿PDG¿RET¿¿¿¿¿¿¿¿¿false
580¿638¿PDG¿ARG¿this¿¿¿¿¿¿¿¿false
608¿638¿PDG¿ARG¿undefined¿¿¿¿¿¿¿¿false
637¿638¿PDG¿ARG¿undefined¿¿¿¿¿¿¿¿false
608¿640¿PDG¿DEP¿filename¿¿¿¿¿¿¿¿false
519¿640¿SINK¿SINK¿readFile¿¿¿¿¿¿¿¿false
463¿641¿REF¿obj¿¿¿¿¿¿¿¿¿false
457¿641¿REF¿call¿¿¿¿¿¿¿¿¿false
463¿642¿REF¿obj¿¿¿¿¿¿¿¿¿false
641¿642¿PDG¿RET¿¿¿¿¿¿¿¿¿false
587¿641¿PDG¿ARG¿this¿¿¿¿¿¿¿¿false
630¿641¿PDG¿ARG¿undefined¿¿¿¿¿¿¿¿false
632¿641¿PDG¿ARG¿undefined¿¿¿¿¿¿¿¿false
633¿641¿PDG¿ARG¿undefined¿¿¿¿¿¿¿¿false
615¿641¿PDG¿ARG¿undefined¿¿¿¿¿¿¿¿false
472¿643¿REF¿obj¿¿¿¿¿¿¿¿¿false
635¿643¿PDG¿DEP¿err¿¿¿¿¿¿¿¿false
476¿644¿REF¿obj¿¿¿¿¿¿¿¿¿false
457¿644¿REF¿call¿¿¿¿¿¿¿¿¿false
476¿645¿REF¿obj¿¿¿¿¿¿¿¿¿false
644¿645¿PDG¿RET¿¿¿¿¿¿¿¿¿false
587¿644¿PDG¿ARG¿this¿¿¿¿¿¿¿¿false
643¿644¿PDG¿ARG¿undefined¿¿¿¿¿¿¿¿false
484¿647¿REF¿obj¿¿¿¿¿¿¿¿¿false
457¿647¿REF¿call¿¿¿¿¿¿¿¿¿false
484¿648¿REF¿obj¿¿¿¿¿¿¿¿¿false
647¿648¿PDG¿RET¿¿¿¿¿¿¿¿¿false
587¿647¿PDG¿ARG¿this¿¿¿¿¿¿¿¿false
493¿649¿REF¿obj¿¿¿¿¿¿¿¿¿false
457¿649¿REF¿call¿¿¿¿¿¿¿¿¿false
493¿650¿REF¿obj¿¿¿¿¿¿¿¿¿false
649¿650¿PDG¿RET¿¿¿¿¿¿¿¿¿false
587¿649¿PDG¿ARG¿this¿¿¿¿¿¿¿¿false
630¿649¿PDG¿ARG¿undefined¿¿¿¿¿¿¿¿false
632¿649¿PDG¿ARG¿undefined¿¿¿¿¿¿¿¿false
633¿649¿PDG¿ARG¿undefined¿¿¿¿¿¿¿¿false
615¿649¿PDG¿ARG¿undefined¿¿¿¿¿¿¿¿false
502¿651¿REF¿obj¿¿¿¿¿¿¿¿¿false
457¿651¿REF¿call¿¿¿¿¿¿¿¿¿false
502¿652¿REF¿obj¿¿¿¿¿¿¿¿¿false
651¿652¿PDG¿RET¿¿¿¿¿¿¿¿¿false
587¿651¿PDG¿ARG¿this¿¿¿¿¿¿¿¿false
636¿651¿PDG¿ARG¿undefined¿¿¿¿¿¿¿¿false
511¿654¿REF¿obj¿¿¿¿¿¿¿¿¿false
457¿654¿REF¿call¿¿¿¿¿¿¿¿¿false
511¿655¿REF¿obj¿¿¿¿¿¿¿¿¿false
654¿655¿PDG¿RET¿¿¿¿¿¿¿¿¿false
587¿654¿PDG¿ARG¿this¿¿¿¿¿¿¿¿false
575¿585¿PDG¿TAINT¿¿¿¿¿¿¿¿¿false
575¿609¿PDG¿TAINT¿¿¿¿¿¿¿¿¿false
575¿610¿PDG¿TAINT¿¿¿¿¿¿¿¿¿false
575¿634¿PDG¿TAINT¿¿¿¿¿¿¿¿¿false
575¿635¿PDG¿TAINT¿¿¿¿¿¿¿¿¿false
575¿636¿PDG¿TAINT¿¿¿¿¿¿¿¿¿false
