graph: 358.026459
import: 889
injection_detection: 222.5179672241211
injection_reconstruction: 4334.746837615967
proto_pollution_detection: 382.4136257171631
proto_pollution_reconstruction: 0.027894973754882812
