graph: 2934.628464
import: 1315
injection_detection: 256.8621635437012
injection_reconstruction: 6764.117002487183
proto_pollution_detection: 526.7186164855957
proto_pollution_reconstruction: 0.03218650817871094
