graph: 436.975917
import: 752
injection_detection: 101.06205940246582
injection_reconstruction: 0.0171661376953125
proto_pollution_detection: 1295.3753471374512
proto_pollution_reconstruction: 4215.092182159424
