graph: 488.2005
import: 631
injection_detection: 102.18358039855957
injection_reconstruction: 0.018596649169921875
proto_pollution_detection: 1636.3577842712402
proto_pollution_reconstruction: 4615.771293640137
