graph: 102.25925
import: 818
injection_detection: 1364.6025657653809
injection_reconstruction: 0.030040740966796875
proto_pollution_detection: 1181.920051574707
proto_pollution_reconstruction: 5910.052061080933
