graph: 393.827917
import: 623
injection_detection: 111.7856502532959
injection_reconstruction: 0.016927719116210938
proto_pollution_detection: 877.8860569000244
proto_pollution_reconstruction: 4164.251089096069
