graph: 396.780583
import: 606
injection_detection: 97.93853759765625
injection_reconstruction: 0.015974044799804688
proto_pollution_detection: 1263.2699012756348
proto_pollution_reconstruction: 4524.6546268463135
