graph: 128.113126
import: 748
injection_detection: 1317.331314086914
injection_reconstruction: 0.034332275390625
proto_pollution_detection: 1218.2669639587402
proto_pollution_reconstruction: 4957.278728485107
