graph: 2686.595037
import: 1446
injection_detection: 416.8281555175781
injection_reconstruction: 8144.167184829712
proto_pollution_detection: 545.2520847320557
proto_pollution_reconstruction: 0.03504753112792969
