graph: 433.827583
import: 690
injection_detection: 204.6377658843994
injection_reconstruction: 3296.945810317993
proto_pollution_detection: 449.1689205169678
proto_pollution_reconstruction: 0.021696090698242188
