graph: 444.350292
import: 710
injection_detection: 199.22590255737305
injection_reconstruction: 3135.7104778289795
proto_pollution_detection: 430.0978183746338
proto_pollution_reconstruction: 0.017881393432617188
