graph: 396.182166
import: 643
injection_detection: 123.80170822143555
injection_reconstruction: 2782.6335430145264
proto_pollution_detection: 373.07286262512207
proto_pollution_reconstruction: 0.022649765014648438
