graph: 170.569831
import: 1444
injection_detection: 2362.029552459717
proto_pollution_detection: 893.1291103363037
