graph: 2820.201369
import: 1772
injection_detection: 449.3594169616699
injection_reconstruction: 8779.0846824646
proto_pollution_detection: 679.7130107879639
proto_pollution_reconstruction: 0.03266334533691406
