graph: 469.421417
import: 718
injection_detection: 221.50611877441406
injection_reconstruction: 3642.0295238494873
proto_pollution_detection: 480.1368713378906
proto_pollution_reconstruction: 0.022411346435546875
