graph: 103.546882
import: 1346
injection_detection: 2313.6701583862305
proto_pollution_detection: 841.6616916656494
