graph: 2848.14496
import: 1323
injection_detection: 453.45330238342285
injection_reconstruction: 524.0538120269775
proto_pollution_detection: 1797.4884510040283
proto_pollution_reconstruction: 0.04076957702636719
