graph: 2850.14119
import: 1597
injection_detection: 413.4669303894043
injection_reconstruction: 449.4814872741699
proto_pollution_detection: 1795.5224514007568
proto_pollution_reconstruction: 0.054836273193359375
