graph: 139.34742
import: 1332
injection_detection: 2048.5410690307617
proto_pollution_detection: 603.5473346710205
