graph: 450.92725
import: 666
injection_detection: 196.22445106506348
injection_reconstruction: 4517.320394515991
proto_pollution_detection: 303.4207820892334
proto_pollution_reconstruction: 0.016450881958007812
