graph: 484.671542
import: 696
injection_detection: 111.17053031921387
injection_reconstruction: 4381.979942321777
proto_pollution_detection: 427.797794342041
proto_pollution_reconstruction: 0.020265579223632812
