graph: 416.019084
import: 647
injection_detection: 191.06602668762207
injection_reconstruction: 0.016689300537109375
proto_pollution_detection: 830.6355476379395
proto_pollution_reconstruction: 0.017642974853515625
