graph: 119.094917
import: 710
injection_detection: 1733.327865600586
injection_reconstruction: 0.0400543212890625
proto_pollution_detection: 415.91453552246094
proto_pollution_reconstruction: 0.019550323486328125
