graph: 129.595875
import: 776
injection_detection: 1479.215383529663
injection_reconstruction: 0.033855438232421875
proto_pollution_detection: 474.49207305908203
proto_pollution_reconstruction: 0.018835067749023438
