graph: 523.537917
import: 762
injection_detection: 199.23114776611328
injection_reconstruction: 0.016450881958007812
proto_pollution_detection: 815.718412399292
proto_pollution_reconstruction: 0.017404556274414062
