graph: 573.089667
import: 710
injection_detection: 197.2346305847168
injection_reconstruction: 0.017404556274414062
proto_pollution_detection: 872.0245361328125
proto_pollution_reconstruction: 0.017642974853515625
