graph: 229.323
import: 793
injection_detection: 1389.2526626586914
injection_reconstruction: 0.0247955322265625
proto_pollution_detection: 433.0019950866699
proto_pollution_reconstruction: 0.019073486328125
