graph: 403.182833
import: 581
injection_detection: 107.78689384460449
injection_reconstruction: 0.015974044799804688
proto_pollution_detection: 524.367094039917
proto_pollution_reconstruction: 0.015974044799804688
