graph: 236.657083
import: 803
injection_detection: 1411.3221168518066
injection_reconstruction: 0.023126602172851562
proto_pollution_detection: 468.7516689300537
proto_pollution_reconstruction: 0.020265579223632812
