graph: 481.048917
import: 615
injection_detection: 180.75084686279297
injection_reconstruction: 0.018835067749023438
proto_pollution_detection: 902.8995037078857
proto_pollution_reconstruction: 0.015497207641601562
