graph: 1095.968792
import: 982
injection_detection: 100.4636287689209
injection_reconstruction: 6709.789514541626
proto_pollution_detection: 432.1730136871338
proto_pollution_reconstruction: 0.030994415283203125
