graph: 957.345959
import: 750
injection_detection: 110.84389686584473
injection_reconstruction: 4257.2009563446045
proto_pollution_detection: 324.96047019958496
proto_pollution_reconstruction: 0.025033950805664062
