graph: 1038.090334
import: 783
injection_detection: 102.31924057006836
injection_reconstruction: 4085.40415763855
proto_pollution_detection: 347.5935459136963
proto_pollution_reconstruction: 0.028848648071289062
