graph: 392.619743
import: 2423
injection_detection: 2424.166202545166
proto_pollution_detection: 934.8692893981934
