graph: 916.35175
import: 926
injection_detection: 122.90358543395996
injection_reconstruction: 4540.899753570557
proto_pollution_detection: 429.9173355102539
proto_pollution_reconstruction: 0.018596649169921875
