graph: 3127.558352
import: 1498
injection_detection: 434.7574710845947
injection_reconstruction: 10626.85227394104
proto_pollution_detection: 650.6679058074951
proto_pollution_reconstruction: 0.0362396240234375
