graph: 550.356167
import: 722
injection_detection: 92.00835227966309
injection_reconstruction: 0.018835067749023438
proto_pollution_detection: 492.34700202941895
proto_pollution_reconstruction: 0.021457672119140625
