graph: 314.458167
import: 1001
injection_detection: 1539.7109985351562
injection_reconstruction: 0.02288818359375
proto_pollution_detection: 816.7262077331543
proto_pollution_reconstruction: 0.028133392333984375
