graph: 619.805834
import: 1023
injection_detection: 86.21501922607422
injection_reconstruction: 0.01811981201171875
proto_pollution_detection: 860.7611656188965
proto_pollution_reconstruction: 0.024318695068359375
