graph: 668.083583
import: 1225
injection_detection: 131.33573532104492
injection_reconstruction: 0.01621246337890625
proto_pollution_detection: 797.7955341339111
proto_pollution_reconstruction: 0.019073486328125
