graph: 635.447167
import: 766
injection_detection: 91.98260307312012
injection_reconstruction: 0.016689300537109375
proto_pollution_detection: 755.2149295806885
proto_pollution_reconstruction: 0.035762786865234375
