graph: 3198.158304
import: 1419
injection_detection: 257.8315734863281
injection_reconstruction: 6139.162540435791
proto_pollution_detection: 908.9672565460205
proto_pollution_reconstruction: 0.040531158447265625
