graph: 102.717167
import: 628
injection_detection: 1104.4766902923584
injection_reconstruction: 1973.5958576202393
proto_pollution_detection: 146.15368843078613
proto_pollution_reconstruction: 0.021457672119140625
