graph: 219.565708
import: 802
injection_detection: 1353.5430431365967
injection_reconstruction: 2427.8390407562256
proto_pollution_detection: 144.84453201293945
proto_pollution_reconstruction: 0.029802322387695312
