graph: 236.324834
import: 891
injection_detection: 1384.3846321105957
injection_reconstruction: 2593.715190887451
proto_pollution_detection: 151.66091918945312
proto_pollution_reconstruction: 0.0247955322265625
