graph: 408.088209
import: 589
injection_detection: 89.25390243530273
injection_reconstruction: 1456.3143253326416
proto_pollution_detection: 324.5880603790283
proto_pollution_reconstruction: 0.026464462280273438
