graph: 424.176542
import: 607
injection_detection: 110.70036888122559
injection_reconstruction: 1781.4900875091553
proto_pollution_detection: 408.87975692749023
proto_pollution_reconstruction: 0.017404556274414062
