graph: 88.572375
import: 642
injection_detection: 1170.191764831543
injection_reconstruction: 2248.631238937378
proto_pollution_detection: 122.81298637390137
proto_pollution_reconstruction: 0.019550323486328125
