graph: 467.256709
import: 754
injection_detection: 119.10104751586914
injection_reconstruction: 1769.235372543335
proto_pollution_detection: 417.21272468566895
proto_pollution_reconstruction: 0.0171661376953125
