graph: 122.139667
import: 749
injection_detection: 1481.9319248199463
injection_reconstruction: 4032.1109294891357
proto_pollution_detection: 157.7584743499756
proto_pollution_reconstruction: 0.02193450927734375
