graph: 435.669708
import: 629
injection_detection: 113.01040649414062
injection_reconstruction: 1966.0441875457764
proto_pollution_detection: 477.8332710266113
proto_pollution_reconstruction: 0.0209808349609375
