graph: 458.312626
import: 629
injection_detection: 110.81433296203613
injection_reconstruction: 1792.1531200408936
proto_pollution_detection: 387.160062789917
proto_pollution_reconstruction: 0.016689300537109375
