graph: 372.643667
import: 1016
injection_detection: 1464.637279510498
injection_reconstruction: 0.028848648071289062
proto_pollution_detection: 511.09957695007324
proto_pollution_reconstruction: 0.021219253540039062
