graph: 293.982791
import: 923
injection_detection: 1257.1849822998047
injection_reconstruction: 0.019073486328125
proto_pollution_detection: 443.4700012207031
proto_pollution_reconstruction: 0.026702880859375
