graph: 906.62225
import: 823
injection_detection: 131.96849822998047
injection_reconstruction: 0.021219253540039062
proto_pollution_detection: 571.932315826416
proto_pollution_reconstruction: 0.028133392333984375
