graph: 333.961333
import: 1487
injection_detection: 1738.002061843872
injection_reconstruction: 0.0247955322265625
proto_pollution_detection: 590.3234481811523
proto_pollution_reconstruction: 0.0247955322265625
