graph: 909.305501
import: 895
injection_detection: 137.64142990112305
injection_reconstruction: 0.017642974853515625
proto_pollution_detection: 864.7458553314209
proto_pollution_reconstruction: 0.019788742065429688
