graph: 799.032167
import: 926
injection_detection: 167.9229736328125
injection_reconstruction: 0.014543533325195312
proto_pollution_detection: 768.5606479644775
proto_pollution_reconstruction: 0.030279159545898438
