graph: 405.576166
import: 1123
injection_detection: 1424.572467803955
injection_reconstruction: 0.022411346435546875
proto_pollution_detection: 496.2313175201416
proto_pollution_reconstruction: 0.025510787963867188
