graph: 797.086125
import: 784
injection_detection: 137.41374015808105
injection_reconstruction: 0.3933906555175781
proto_pollution_detection: 822.0818042755127
proto_pollution_reconstruction: 0.020503997802734375
