graph: 531.734125
import: 649
injection_detection: 92.53334999084473
injection_reconstruction: 4102.561950683594
proto_pollution_detection: 377.2902488708496
proto_pollution_reconstruction: 0.02002716064453125
