graph: 483.424792
import: 659
injection_detection: 92.47684478759766
injection_reconstruction: 4177.145004272461
proto_pollution_detection: 303.24530601501465
proto_pollution_reconstruction: 0.025510787963867188
