graph: 475.449041
import: 696
injection_detection: 106.05549812316895
injection_reconstruction: 0.020742416381835938
proto_pollution_detection: 842.8335189819336
proto_pollution_reconstruction: 0.019550323486328125
