graph: 1183.842959
import: 808
injection_detection: 126.54566764831543
injection_reconstruction: 0.029325485229492188
proto_pollution_detection: 1560.9052181243896
proto_pollution_reconstruction: 0.12683868408203125
