graph: 415.435459
import: 645
injection_detection: 105.99684715270996
injection_reconstruction: 0.0152587890625
proto_pollution_detection: 451.30348205566406
proto_pollution_reconstruction: 0.015974044799804688
