graph: 125.79225
import: 766
injection_detection: 1216.4812088012695
injection_reconstruction: 0.023365020751953125
proto_pollution_detection: 408.9689254760742
proto_pollution_reconstruction: 0.0171661376953125
