graph: 221.153208
import: 884
injection_detection: 1375.7388591766357
injection_reconstruction: 0.017881393432617188
proto_pollution_detection: 468.4772491455078
proto_pollution_reconstruction: 0.017642974853515625
