graph: 264.719292
import: 1336
injection_detection: 1448.9493370056152
injection_reconstruction: 0.029325485229492188
proto_pollution_detection: 539.3846035003662
proto_pollution_reconstruction: 0.021457672119140625
