graph: 426.517959
import: 659
injection_detection: 99.29180145263672
injection_reconstruction: 0.018835067749023438
proto_pollution_detection: 890.3622627258301
proto_pollution_reconstruction: 0.0171661376953125
