graph: 2689.634111
import: 1424
injection_detection: 251.33156776428223
injection_reconstruction: 211.7009162902832
proto_pollution_detection: 1458.505630493164
proto_pollution_reconstruction: 0.02384185791015625
