graph: 538.862917
import: 716
injection_detection: 172.1346378326416
injection_reconstruction: 0.020503997802734375
proto_pollution_detection: 572.014570236206
proto_pollution_reconstruction: 0.026464462280273438
