graph: 3238.142641
import: 1363
injection_detection: 176.63931846618652
injection_reconstruction: 0.035762786865234375
proto_pollution_detection: 2085.991621017456
proto_pollution_reconstruction: 0.046253204345703125
