graph: 133.833667
import: 883
injection_detection: 1401.1354446411133
injection_reconstruction: 0.029087066650390625
proto_pollution_detection: 427.65116691589355
proto_pollution_reconstruction: 0.018596649169921875
