graph: 412.085875
import: 574
injection_detection: 96.83680534362793
injection_reconstruction: 0.023365020751953125
proto_pollution_detection: 710.2947235107422
proto_pollution_reconstruction: 0.016450881958007812
