graph: 479.823333
import: 668
injection_detection: 98.36912155151367
injection_reconstruction: 0.034332275390625
proto_pollution_detection: 744.5073127746582
proto_pollution_reconstruction: 0.024080276489257812
