graph: 142.392042
import: 801
injection_detection: 1441.5051937103271
injection_reconstruction: 0.05650520324707031
proto_pollution_detection: 443.26210021972656
proto_pollution_reconstruction: 0.02193450927734375
