graph: 132.082
import: 1238
injection_detection: 1791.168451309204
injection_reconstruction: 0.023603439331054688
proto_pollution_detection: 458.9874744415283
proto_pollution_reconstruction: 0.030994415283203125
