graph: 189.286083
import: 792
injection_detection: 1264.8673057556152
injection_reconstruction: 0.019550323486328125
proto_pollution_detection: 663.3801460266113
proto_pollution_reconstruction: 0.054836273193359375
