graph: 461.801542
import: 618
injection_detection: 107.59568214416504
injection_reconstruction: 0.016450881958007812
proto_pollution_detection: 749.2172718048096
proto_pollution_reconstruction: 0.019311904907226562
