graph: 103.449776
import: 1159
injection_detection: 2018.5179710388184
proto_pollution_detection: 667.2353744506836
