graph: 2873.372104
import: 1356
injection_detection: 417.06085205078125
injection_reconstruction: 492.89703369140625
proto_pollution_detection: 1957.874059677124
proto_pollution_reconstruction: 0.07414817810058594
