graph: 155.560462
import: 1350
injection_detection: 1634.9139213562012
proto_pollution_detection: 518.6245441436768
