graph: 2873.883561
import: 1370
injection_detection: 431.5464496612549
injection_reconstruction: 411.9913578033447
proto_pollution_detection: 2025.195598602295
proto_pollution_reconstruction: 0.042438507080078125
