graph: 2876.809824
import: 1486
injection_detection: 243.58224868774414
injection_reconstruction: 238.13962936401367
proto_pollution_detection: 1182.3740005493164
proto_pollution_reconstruction: 0.03552436828613281
