graph: 104450.276881
import: 1918
injection_detection: 140.1083469390869
injection_reconstruction: 0.028371810913085938
proto_pollution_detection: 1388.270616531372
proto_pollution_reconstruction: 10009.114027023315
