graph: 103798.763755
import: 1976
injection_detection: 147.73869514465332
injection_reconstruction: 0.01811981201171875
proto_pollution_detection: 1412.9846096038818

Timed out
