graph: 45572.89002
import: 1948
injection_detection: 1441.5960311889648
injection_reconstruction: 0.029087066650390625
proto_pollution_detection: 11595.782995223999
proto_pollution_reconstruction: 12859.758615493774
