graph: 45464.330812
import: 1907
injection_detection: 1366.5578365325928
injection_reconstruction: 0.021696090698242188
proto_pollution_detection: 10704.01382446289

Timed out
