graph: 38199.903142
import: 1736
injection_detection: 1312.8931522369385
injection_reconstruction: 0.022172927856445312
proto_pollution_detection: 9848.499536514282
proto_pollution_reconstruction: 212749.42898750305
