graph: 126997.096891
import: 1959
injection_detection: 122.16615676879883
injection_reconstruction: 0.024080276489257812
proto_pollution_detection: 1192.394495010376

Timed out
