graph: 47155.254687
import: 2064
injection_detection: 1377.4449825286865
injection_reconstruction: 0.020742416381835938
proto_pollution_detection: 11188.946008682251
