graph: 2561.952309
import: 1143
injection_detection: 453.3514976501465
injection_reconstruction: 364.0890121459961
proto_pollution_detection: 2134.9782943725586
proto_pollution_reconstruction: 0.042438507080078125
