graph: 325.625208
import: 633
injection_detection: 230.3469181060791
injection_reconstruction: 4090.9931659698486
proto_pollution_detection: 375.4565715789795
proto_pollution_reconstruction: 0.015974044799804688
