graph: 2822.249777
import: 1331
injection_detection: 433.7153434753418
injection_reconstruction: 445.79505920410156
proto_pollution_detection: 1417.1028137207031
proto_pollution_reconstruction: 0.03504753112792969
