graph: 641.004083
import: 786
injection_detection: 122.00665473937988
injection_reconstruction: 7717.56911277771
proto_pollution_detection: 356.4908504486084
proto_pollution_reconstruction: 0.01811981201171875
