graph: 176.897626
import: 750
injection_detection: 1154.0703773498535
injection_reconstruction: 3697.1049308776855
proto_pollution_detection: 121.06609344482422
proto_pollution_reconstruction: 0.08511543273925781
