graph: 656.647708
import: 767
injection_detection: 116.09172821044922
injection_reconstruction: 8470.46947479248
proto_pollution_detection: 349.44748878479004
proto_pollution_reconstruction: 0.02384185791015625
