graph: 593.521917
import: 663
injection_detection: 103.52158546447754
injection_reconstruction: 7617.037773132324
proto_pollution_detection: 302.3707866668701
proto_pollution_reconstruction: 0.020742416381835938
