graph: 182.933042
import: 733
injection_detection: 1111.6480827331543
injection_reconstruction: 7979.950666427612
proto_pollution_detection: 93.26004981994629
proto_pollution_reconstruction: 0.01621246337890625
