graph: 190.605625
import: 1009
injection_detection: 1335.7341289520264
injection_reconstruction: 4624.874114990234
proto_pollution_detection: 132.12013244628906
proto_pollution_reconstruction: 0.024318695068359375
