graph: 588.330167
import: 693
injection_detection: 108.49761962890625
injection_reconstruction: 7445.978879928589
proto_pollution_detection: 328.28760147094727
proto_pollution_reconstruction: 0.016689300537109375
