graph: 627.086874
import: 758
injection_detection: 105.63158988952637
injection_reconstruction: 8298.318862915039
proto_pollution_detection: 313.8082027435303
proto_pollution_reconstruction: 0.023365020751953125
