graph: 12046.699339
import: 940
injection_detection: 1487.297534942627
injection_reconstruction: 10754.440546035767
proto_pollution_detection: 100.02875328063965
proto_pollution_reconstruction: 0.020265579223632812
