graph: 10641.46767
import: 878
injection_detection: 1467.3032760620117
injection_reconstruction: 10407.295942306519
proto_pollution_detection: 112.66851425170898
proto_pollution_reconstruction: 0.018835067749023438
