graph: 647.136792
import: 682
injection_detection: 110.17632484436035
injection_reconstruction: 8339.701890945435
proto_pollution_detection: 871.6022968292236
proto_pollution_reconstruction: 0.0743865966796875
