graph: 3204.294966
import: 1641
injection_detection: 174.62396621704102
injection_reconstruction: 15110.456228256226
proto_pollution_detection: 837.9333019256592
proto_pollution_reconstruction: 0.05221366882324219
