graph: 398.548792
import: 804
injection_detection: 127.23255157470703
injection_reconstruction: 4847.675561904907
proto_pollution_detection: 401.8688201904297
proto_pollution_reconstruction: 0.019311904907226562
