graph: 374.549208
import: 613
injection_detection: 92.7743911743164
injection_reconstruction: 3782.4037075042725
proto_pollution_detection: 312.15357780456543
proto_pollution_reconstruction: 0.0152587890625
