graph: 414.909209
import: 672
injection_detection: 102.00810432434082
injection_reconstruction: 3767.439365386963
proto_pollution_detection: 395.10560035705566
proto_pollution_reconstruction: 0.02288818359375
