graph: 449.10575
import: 879
injection_detection: 134.92631912231445
injection_reconstruction: 4248.313665390015
proto_pollution_detection: 332.8709602355957
proto_pollution_reconstruction: 0.026702880859375
