graph: 2823.203244
import: 1442
injection_detection: 443.911075592041
injection_reconstruction: 371.2310791015625
proto_pollution_detection: 1994.2898750305176
proto_pollution_reconstruction: 0.03743171691894531
