graph: 201.035298
import: 1269
injection_detection: 1356.2064170837402
proto_pollution_detection: 1102.574110031128
