graph: 165.133875
import: 919
injection_detection: 1320.343255996704
injection_reconstruction: 0.017642974853515625
proto_pollution_detection: 989.6790981292725
proto_pollution_reconstruction: 2684.12709236145
