graph: 419.914375
import: 686
injection_detection: 132.7073574066162
injection_reconstruction: 0.031948089599609375
proto_pollution_detection: 1357.9607009887695
proto_pollution_reconstruction: 1863.4388446807861
