graph: 400.475876
import: 794
injection_detection: 97.60308265686035
injection_reconstruction: 0.014781951904296875
proto_pollution_detection: 1028.1846523284912
proto_pollution_reconstruction: 1649.4269371032715
