graph: 140.195743
import: 1376
injection_detection: 1887.8493309020996
proto_pollution_detection: 1295.6411838531494
