graph: 440.389
import: 865
injection_detection: 153.95665168762207
injection_reconstruction: 0.018596649169921875
proto_pollution_detection: 2288.8705730438232
proto_pollution_reconstruction: 1921.6411113739014
