graph: 348.218584
import: 663
injection_detection: 122.10440635681152
injection_reconstruction: 0.0152587890625
proto_pollution_detection: 673.6948490142822
proto_pollution_reconstruction: 1534.4963073730469
