graph: 139.543416
import: 1003
injection_detection: 1606.5819263458252
injection_reconstruction: 0.202178955078125
proto_pollution_detection: 1050.2843856811523
proto_pollution_reconstruction: 2341.655492782593
