graph: 294.018958
import: 564
injection_detection: 103.52659225463867
injection_reconstruction: 990.7739162445068
proto_pollution_detection: 384.38916206359863
proto_pollution_reconstruction: 0.017404556274414062
