graph: 328.725292
import: 592
injection_detection: 212.29815483093262
injection_reconstruction: 1328.7551403045654
proto_pollution_detection: 463.12928199768066
proto_pollution_reconstruction: 0.02288818359375
