graph: 335.149583
import: 706
injection_detection: 221.5406894683838
injection_reconstruction: 1505.3761005401611
proto_pollution_detection: 524.1274833679199
proto_pollution_reconstruction: 0.021696090698242188
