graph: 309.794459
import: 612
injection_detection: 190.1113986968994
injection_reconstruction: 1370.0735569000244
proto_pollution_detection: 469.9540138244629
proto_pollution_reconstruction: 0.017642974853515625
