graph: 90.20925
import: 670
injection_detection: 1658.290147781372
injection_reconstruction: 1690.6042098999023
proto_pollution_detection: 177.54125595092773
proto_pollution_reconstruction: 0.021457672119140625
