graph: 378.066182
import: 1670
injection_detection: 1915.7195091247559
proto_pollution_detection: 1481.1711311340332
