graph: 3887.68963
import: 2555
injection_detection: 285.91346740722656
injection_reconstruction: 0.03552436828613281
proto_pollution_detection: 2336.219072341919
proto_pollution_reconstruction: 0.03409385681152344
