graph: 855.882334
import: 810
injection_detection: 88.9594554901123
injection_reconstruction: 0.02288818359375
proto_pollution_detection: 1158.7204933166504
proto_pollution_reconstruction: 0.024318695068359375
