graph: 843.072834
import: 893
injection_detection: 85.16764640808105
injection_reconstruction: 0.016689300537109375
proto_pollution_detection: 1038.8617515563965
proto_pollution_reconstruction: 0.018835067749023438
