graph: 723.763458
import: 740
injection_detection: 94.07663345336914
injection_reconstruction: 0.016927719116210938
proto_pollution_detection: 666.252851486206
proto_pollution_reconstruction: 0.022411346435546875
