graph: 351.910208
import: 943
injection_detection: 1421.8745231628418
injection_reconstruction: 0.051975250244140625
proto_pollution_detection: 1093.0678844451904
proto_pollution_reconstruction: 0.018596649169921875
