graph: 867.706542
import: 1304
injection_detection: 107.1939468383789
injection_reconstruction: 0.020503997802734375
proto_pollution_detection: 1325.2100944519043
proto_pollution_reconstruction: 0.021457672119140625
