graph: 957.16775
import: 926
injection_detection: 131.96468353271484
injection_reconstruction: 15133.174896240234
proto_pollution_detection: 300.6162643432617
proto_pollution_reconstruction: 0.019073486328125
