graph: 641.676664
import: 1789
injection_detection: 2349.3757247924805
proto_pollution_detection: 867.0098781585693
