graph: 927.706875
import: 934
injection_detection: 119.7819709777832
injection_reconstruction: 13623.824834823608
proto_pollution_detection: 288.93232345581055
proto_pollution_reconstruction: 0.02193450927734375
