graph: 916.076792
import: 813
injection_detection: 160.0799560546875
injection_reconstruction: 16606.59956932068
proto_pollution_detection: 349.7600555419922
proto_pollution_reconstruction: 0.023126602172851562
