graph: 845.218667
import: 721
injection_detection: 105.38053512573242
injection_reconstruction: 12892.512798309326
proto_pollution_detection: 272.585391998291
proto_pollution_reconstruction: 0.019550323486328125
