graph: 2903.599383
import: 1354
injection_detection: 439.39733505249023
injection_reconstruction: 10195.823907852173
proto_pollution_detection: 657.5260162353516
proto_pollution_reconstruction: 0.03266334533691406
