graph: 3340.907469
import: 1301
injection_detection: 273.3936309814453
injection_reconstruction: 11372.78962135315
proto_pollution_detection: 1496.1187839508057
proto_pollution_reconstruction: 0.03314018249511719
