graph: 229.856974
import: 1342
injection_detection: 2209.8870277404785
proto_pollution_detection: 759.7484588623047
