graph: 450.490208
import: 688
injection_detection: 126.33800506591797
injection_reconstruction: 5829.814910888672
proto_pollution_detection: 299.04723167419434
proto_pollution_reconstruction: 0.022172927856445312
