graph: 2923.437705
import: 1314
injection_detection: 198.64416122436523
injection_reconstruction: 16202.251434326172
proto_pollution_detection: 979.5236587524414
proto_pollution_reconstruction: 0.03695487976074219
