graph: 505.027292
import: 648
injection_detection: 102.63967514038086
injection_reconstruction: 6532.604694366455
proto_pollution_detection: 353.7166118621826
proto_pollution_reconstruction: 0.02288818359375
