graph: 549.452667
import: 748
injection_detection: 115.10682106018066
injection_reconstruction: 6956.275701522827
proto_pollution_detection: 349.5497703552246
proto_pollution_reconstruction: 0.020742416381835938
