graph: 514.888417
import: 623
injection_detection: 98.13189506530762
injection_reconstruction: 6532.278537750244
proto_pollution_detection: 369.86446380615234
proto_pollution_reconstruction: 0.0152587890625
