graph: 412.499917
import: 636
injection_detection: 200.38127899169922
injection_reconstruction: 5320.564746856689
proto_pollution_detection: 324.3212699890137
proto_pollution_reconstruction: 0.018835067749023438
