graph: 287.282084
import: 612
injection_detection: 113.08145523071289
injection_reconstruction: 4661.391973495483
proto_pollution_detection: 312.68882751464844
proto_pollution_reconstruction: 0.017404556274414062
