graph: 296.896833
import: 582
injection_detection: 194.88000869750977
injection_reconstruction: 3089.705467224121
proto_pollution_detection: 339.8258686065674
proto_pollution_reconstruction: 0.02765655517578125
