graph: 195.804917
import: 958
injection_detection: 1431.5390586853027
injection_reconstruction: 5594.864130020142
proto_pollution_detection: 152.632474899292
proto_pollution_reconstruction: 0.0209808349609375
