graph: 313.930417
import: 671
injection_detection: 196.83027267456055
injection_reconstruction: 3202.6658058166504
proto_pollution_detection: 376.13868713378906
proto_pollution_reconstruction: 0.01811981201171875
