graph: 93.867334
import: 771
injection_detection: 1269.8345184326172
injection_reconstruction: 4358.295917510986
proto_pollution_detection: 88.9742374420166
proto_pollution_reconstruction: 0.020503997802734375
