graph: 93.2945
import: 752
injection_detection: 1183.809518814087
injection_reconstruction: 4499.186038970947
proto_pollution_detection: 82.48662948608398
proto_pollution_reconstruction: 0.022649765014648438
