graph: 192.313834
import: 879
injection_detection: 1547.5738048553467
injection_reconstruction: 5718.85085105896
proto_pollution_detection: 129.64344024658203
proto_pollution_reconstruction: 0.026464462280273438
