graph: 437.293709
import: 675
injection_detection: 100.28576850891113
injection_reconstruction: 4685.941457748413
proto_pollution_detection: 295.11523246765137
proto_pollution_reconstruction: 0.017642974853515625
