graph: 484.390876
import: 648
injection_detection: 114.57991600036621
injection_reconstruction: 4767.719268798828
proto_pollution_detection: 336.1697196960449
proto_pollution_reconstruction: 0.020742416381835938
