graph: 287.81525
import: 555
injection_detection: 91.3844108581543
injection_reconstruction: 0.015974044799804688
proto_pollution_detection: 484.23242568969727
proto_pollution_reconstruction: 3973.3359813690186
