graph: 336.835125
import: 614
injection_detection: 83.71353149414062
injection_reconstruction: 0.0152587890625
proto_pollution_detection: 844.9664115905762
proto_pollution_reconstruction: 4181.648731231689
