graph: 139.959208
import: 817
injection_detection: 1119.0643310546875
injection_reconstruction: 0.019550323486328125
proto_pollution_detection: 771.8701362609863
proto_pollution_reconstruction: 4440.664529800415
