graph: 141.326387
import: 1130
injection_detection: 2132.1771144866943
proto_pollution_detection: 1644.0293788909912
