graph: 337.416292
import: 741
injection_detection: 125.35309791564941
injection_reconstruction: 0.016689300537109375
proto_pollution_detection: 847.2797870635986
proto_pollution_reconstruction: 5312.718629837036
