graph: 336.138792
import: 604
injection_detection: 91.22896194458008
injection_reconstruction: 0.015497207641601562
proto_pollution_detection: 816.7552947998047
proto_pollution_reconstruction: 4022.2349166870117
