graph: 118.23075
import: 808
injection_detection: 1282.6156616210938
injection_reconstruction: 0.023603439331054688
proto_pollution_detection: 902.0307064056396
proto_pollution_reconstruction: 4864.505052566528
