graph: 616.283459
import: 775
injection_detection: 120.32103538513184
injection_reconstruction: 5435.22310256958
proto_pollution_detection: 631.2625408172607
proto_pollution_reconstruction: 360.55564880371094
