graph: 591.898875
import: 724
injection_detection: 155.12728691101074
injection_reconstruction: 4399.484634399414
proto_pollution_detection: 564.7742748260498
proto_pollution_reconstruction: 353.03735733032227
