graph: 570.423875
import: 738
injection_detection: 90.88444709777832
injection_reconstruction: 4975.902080535889
proto_pollution_detection: 508.13984870910645
proto_pollution_reconstruction: 344.6495532989502
