graph: 150.960458
import: 867
injection_detection: 1313.4346008300781
injection_reconstruction: 8648.927450180054
proto_pollution_detection: 346.1897373199463
