graph: 200.10875
import: 878
injection_detection: 1405.867338180542
injection_reconstruction: 9288.316488265991
proto_pollution_detection: 376.98864936828613
proto_pollution_reconstruction: 1136.0952854156494
