graph: 3316.525753
import: 1296
injection_detection: 167.91725158691406
injection_reconstruction: 13487.333297729492
proto_pollution_detection: 1235.4276180267334
proto_pollution_reconstruction: 998.6782073974609
