graph: 608.167126
import: 780
injection_detection: 139.85157012939453
injection_reconstruction: 5081.168651580811
proto_pollution_detection: 616.0266399383545
proto_pollution_reconstruction: 406.2950611114502
