graph: 218.967083
import: 1271
injection_detection: 1840.1172161102295
injection_reconstruction: 12071.102142333984
proto_pollution_detection: 356.88257217407227
