graph: 152.718
import: 908
injection_detection: 1366.9512271881104
injection_reconstruction: 9496.108770370483
proto_pollution_detection: 350.6033420562744
proto_pollution_reconstruction: 2946.766138076782
