graph: 197.43125
import: 859
injection_detection: 1249.5436668395996
injection_reconstruction: 3678.2262325286865
proto_pollution_detection: 134.98687744140625
proto_pollution_reconstruction: 0.017642974853515625
