graph: 7557.874045
import: 889
injection_detection: 1449.2475986480713
injection_reconstruction: 5299.870014190674
proto_pollution_detection: 140.47980308532715
proto_pollution_reconstruction: 0.029325485229492188
