graph: 676.02425
import: 686
injection_detection: 135.91384887695312
injection_reconstruction: 4854.65407371521
proto_pollution_detection: 331.94804191589355
proto_pollution_reconstruction: 0.01811981201171875
