graph: 520.146458
import: 663
injection_detection: 95.98469734191895
injection_reconstruction: 4511.954069137573
proto_pollution_detection: 303.8923740386963
proto_pollution_reconstruction: 0.0247955322265625
