graph: 186.097458
import: 1006
injection_detection: 1729.8734188079834
injection_reconstruction: 4241.094350814819
proto_pollution_detection: 169.5413589477539
proto_pollution_reconstruction: 0.02193450927734375
