graph: 7542.524129
import: 910
injection_detection: 1537.841558456421
injection_reconstruction: 6221.937417984009
proto_pollution_detection: 157.90534019470215
proto_pollution_reconstruction: 0.018835067749023438
