graph: 740.071876
import: 714
injection_detection: 94.90370750427246
injection_reconstruction: 4189.062118530273
proto_pollution_detection: 373.71110916137695
proto_pollution_reconstruction: 0.02002716064453125
