graph: 3558.143629
import: 1407
injection_detection: 220.44134140014648
injection_reconstruction: 15266.366481781006
proto_pollution_detection: 525.1128673553467
proto_pollution_reconstruction: 0.04076957702636719
