graph: 628.557917
import: 856
injection_detection: 115.40770530700684
injection_reconstruction: 5169.920921325684
proto_pollution_detection: 439.56947326660156
proto_pollution_reconstruction: 0.09298324584960938
