graph: 546.073
import: 681
injection_detection: 92.11468696594238
injection_reconstruction: 3949.3114948272705
proto_pollution_detection: 336.00425720214844
proto_pollution_reconstruction: 0.027418136596679688
