graph: 447.59925
import: 795
injection_detection: 92.67759323120117
injection_reconstruction: 0.021457672119140625
proto_pollution_detection: 821.2943077087402
proto_pollution_reconstruction: 0.055789947509765625
