graph: 187.823917
import: 888
injection_detection: 1665.024757385254
injection_reconstruction: 0.019073486328125
proto_pollution_detection: 587.2187614440918
proto_pollution_reconstruction: 0.024318695068359375
