graph: 434.494916
import: 795
injection_detection: 116.13631248474121
injection_reconstruction: 0.018358230590820312
proto_pollution_detection: 567.3782825469971
proto_pollution_reconstruction: 0.024080276489257812
