graph: 155.803209
import: 845
injection_detection: 1240.5343055725098
injection_reconstruction: 0.03933906555175781
proto_pollution_detection: 579.2100429534912
proto_pollution_reconstruction: 0.019788742065429688
