graph: 161.27775
import: 955
injection_detection: 1367.2940731048584
injection_reconstruction: 0.03409385681152344
proto_pollution_detection: 467.0717716217041
proto_pollution_reconstruction: 0.021696090698242188
