graph: 474.528708
import: 750
injection_detection: 108.11305046081543
injection_reconstruction: 0.016450881958007812
proto_pollution_detection: 922.68967628479
proto_pollution_reconstruction: 0.01811981201171875
