graph: 186.446917
import: 822
injection_detection: 1273.5662460327148
injection_reconstruction: 0.020265579223632812
proto_pollution_detection: 625.2620220184326
proto_pollution_reconstruction: 0.03981590270996094
