graph: 440.921
import: 688
injection_detection: 103.0433177947998
injection_reconstruction: 0.014781951904296875
proto_pollution_detection: 765.6569480895996
proto_pollution_reconstruction: 0.025272369384765625
