graph: 2964.366456
import: 1280
injection_detection: 133.67795944213867
injection_reconstruction: 0.03409385681152344
proto_pollution_detection: 1653.2366275787354
proto_pollution_reconstruction: 0.0362396240234375
