graph: 169.952334
import: 804
injection_detection: 1137.9354000091553
injection_reconstruction: 0.030994415283203125
proto_pollution_detection: 587.5015258789062
proto_pollution_reconstruction: 0.019788742065429688
