graph: 2796.2733
import: 1331
injection_detection: 411.9749069213867
injection_reconstruction: 431.3514232635498
proto_pollution_detection: 1667.1664714813232
proto_pollution_reconstruction: 0.04482269287109375
