graph: 691.591208
import: 790
injection_detection: 94.78759765625
injection_reconstruction: 1692.4777030944824
proto_pollution_detection: 411.73696517944336
proto_pollution_reconstruction: 0.02002716064453125
