graph: 677.8375
import: 743
injection_detection: 136.3201141357422
injection_reconstruction: 1594.459056854248
proto_pollution_detection: 395.83897590637207
proto_pollution_reconstruction: 0.025987625122070312
