graph: 689.416959
import: 820
injection_detection: 90.76356887817383
injection_reconstruction: 1795.3577041625977
proto_pollution_detection: 396.48914337158203
proto_pollution_reconstruction: 0.022649765014648438
