graph: 146.291959
import: 963
injection_detection: 1270.3349590301514
injection_reconstruction: 0.019311904907226562
proto_pollution_detection: 492.87962913513184
proto_pollution_reconstruction: 0.028848648071289062
