graph: 161.010416
import: 847
injection_detection: 1373.478651046753
injection_reconstruction: 0.03528594970703125
proto_pollution_detection: 575.9701728820801
proto_pollution_reconstruction: 0.018596649169921875
