graph: 441.484291
import: 772
injection_detection: 115.61465263366699
injection_reconstruction: 0.03314018249511719
proto_pollution_detection: 576.688289642334
proto_pollution_reconstruction: 0.02288818359375
