graph: 450.146917
import: 708
injection_detection: 130.58972358703613
injection_reconstruction: 0.027179718017578125
proto_pollution_detection: 939.4149780273438
proto_pollution_reconstruction: 0.016927719116210938
