graph: 407.202542
import: 713
injection_detection: 89.06412124633789
injection_reconstruction: 0.015497207641601562
proto_pollution_detection: 842.5860404968262
proto_pollution_reconstruction: 0.029087066650390625
