graph: 461.372417
import: 744
injection_detection: 111.57059669494629
injection_reconstruction: 0.027418136596679688
proto_pollution_detection: 925.5282878875732
proto_pollution_reconstruction: 0.016927719116210938
