graph: 125.021916
import: 860
injection_detection: 1311.450481414795
injection_reconstruction: 0.019788742065429688
proto_pollution_detection: 460.97636222839355
proto_pollution_reconstruction: 0.020265579223632812
