graph: 164.273333
import: 971
injection_detection: 1552.9141426086426
injection_reconstruction: 0.027179718017578125
proto_pollution_detection: 513.3228302001953
proto_pollution_reconstruction: 0.023126602172851562
