graph: 456.778208
import: 683
injection_detection: 85.9982967376709
injection_reconstruction: 1388.9822959899902
proto_pollution_detection: 500.7452964782715
proto_pollution_reconstruction: 0.022172927856445312
