graph: 252.809699
import: 2026
injection_detection: 2302.8006553649902
proto_pollution_detection: 942.5456523895264
