graph: 445.342792
import: 726
injection_detection: 120.84007263183594
injection_reconstruction: 1502.1071434020996
proto_pollution_detection: 543.0080890655518
proto_pollution_reconstruction: 0.019073486328125
