graph: 395.429125
import: 678
injection_detection: 123.89087677001953
injection_reconstruction: 1015.408992767334
proto_pollution_detection: 412.0798110961914
proto_pollution_reconstruction: 0.01811981201171875
