graph: 117.689959
import: 819
injection_detection: 1182.8892230987549
injection_reconstruction: 0.019550323486328125
proto_pollution_detection: 1219.2466259002686
proto_pollution_reconstruction: 5218.9390659332275
