graph: 298.018541
import: 613
injection_detection: 87.36371994018555
injection_reconstruction: 0.015974044799804688
proto_pollution_detection: 924.5772361755371
proto_pollution_reconstruction: 0.019311904907226562
