graph: 165.332051
import: 1287
injection_detection: 1863.9769554138184
proto_pollution_detection: 1079.6988010406494
