graph: 395.509583
import: 932
injection_detection: 147.37534523010254
injection_reconstruction: 0.014066696166992188
proto_pollution_detection: 1270.5843448638916
proto_pollution_reconstruction: 0.024318695068359375
