graph: 293.546333
import: 611
injection_detection: 89.7829532623291
injection_reconstruction: 0.016689300537109375
proto_pollution_detection: 603.9712429046631
proto_pollution_reconstruction: 0.02288818359375
