graph: 104.110625
import: 757
injection_detection: 1316.2837028503418
injection_reconstruction: 0.017404556274414062
proto_pollution_detection: 1035.163402557373
proto_pollution_reconstruction: 4778.963804244995
