graph: 337.202417
import: 637
injection_detection: 117.3403263092041
injection_reconstruction: 0.015735626220703125
proto_pollution_detection: 921.0002422332764
proto_pollution_reconstruction: 0.0400543212890625
