graph: 374.73225
import: 595
injection_detection: 102.16403007507324
injection_reconstruction: 0.018596649169921875
proto_pollution_detection: 514.9188041687012
proto_pollution_reconstruction: 0.027179718017578125
