graph: 427.20275
import: 658
injection_detection: 192.9323673248291
injection_reconstruction: 0.020503997802734375
proto_pollution_detection: 815.7310485839844
proto_pollution_reconstruction: 0.027418136596679688
