graph: 440.804458
import: 680
injection_detection: 175.13751983642578
injection_reconstruction: 0.022649765014648438
proto_pollution_detection: 812.2453689575195
proto_pollution_reconstruction: 0.03409385681152344
