graph: 92.989542
import: 760
injection_detection: 1209.3796730041504
injection_reconstruction: 0.0247955322265625
proto_pollution_detection: 383.94927978515625
proto_pollution_reconstruction: 0.018835067749023438
