graph: 139.998542
import: 755
injection_detection: 1510.2341175079346
injection_reconstruction: 0.03218650817871094
proto_pollution_detection: 974.6534824371338
proto_pollution_reconstruction: 0.06580352783203125
