graph: 149.4615
import: 815
injection_detection: 1404.9427509307861
injection_reconstruction: 0.018835067749023438
proto_pollution_detection: 410.11714935302734
proto_pollution_reconstruction: 0.026702880859375
