graph: 2863.088372
import: 1471
injection_detection: 454.2717933654785
injection_reconstruction: 375.1983642578125
proto_pollution_detection: 2135.86163520813
proto_pollution_reconstruction: 0.0457763671875
