graph: 127.250016
import: 1346
injection_detection: 2286.278009414673
proto_pollution_detection: 822.9701519012451
