graph: 433.020875
import: 647
injection_detection: 198.52614402770996
injection_reconstruction: 1508.0912113189697
proto_pollution_detection: 437.9451274871826
proto_pollution_reconstruction: 0.015974044799804688
