graph: 525.991625
import: 671
injection_detection: 219.30265426635742
injection_reconstruction: 1552.6456832885742
proto_pollution_detection: 575.8352279663086
proto_pollution_reconstruction: 0.018358230590820312
