graph: 429.062167
import: 641
injection_detection: 197.54362106323242
injection_reconstruction: 1485.0263595581055
proto_pollution_detection: 461.2104892730713
proto_pollution_reconstruction: 0.01811981201171875
