graph: 393.589501
import: 732
injection_detection: 1377.2268295288086
injection_reconstruction: 1906.7554473876953
proto_pollution_detection: 177.99091339111328
proto_pollution_reconstruction: 0.028371810913085938
