graph: 410.771167
import: 577
injection_detection: 111.56153678894043
injection_reconstruction: 1152.5068283081055
proto_pollution_detection: 419.4929599761963
proto_pollution_reconstruction: 0.016927719116210938
