graph: 88.912792
import: 646
injection_detection: 1130.5949687957764
injection_reconstruction: 1763.8957500457764
proto_pollution_detection: 142.65894889831543
proto_pollution_reconstruction: 0.020265579223632812
