graph: 93.626708
import: 914
injection_detection: 1409.189224243164
injection_reconstruction: 2359.941005706787
proto_pollution_detection: 191.7860507965088
proto_pollution_reconstruction: 0.017642974853515625
