graph: 397.110417
import: 773
injection_detection: 1344.0799713134766
injection_reconstruction: 1902.7295112609863
proto_pollution_detection: 169.59309577941895
proto_pollution_reconstruction: 0.02288818359375
