graph: 484.020459
import: 620
injection_detection: 187.87169456481934
injection_reconstruction: 1510.4975700378418
proto_pollution_detection: 443.9396858215332
proto_pollution_reconstruction: 0.016927719116210938
