graph: 1006.985042
import: 891
injection_detection: 112.78390884399414
injection_reconstruction: 0.017404556274414062
proto_pollution_detection: 840.6760692596436
proto_pollution_reconstruction: 0.021219253540039062
