graph: 487.26325
import: 1911
injection_detection: 1605.363130569458
injection_reconstruction: 0.025510787963867188
proto_pollution_detection: 707.3318958282471
proto_pollution_reconstruction: 0.02002716064453125
