graph: 368.387875
import: 964
injection_detection: 1347.98002243042
injection_reconstruction: 0.017642974853515625
proto_pollution_detection: 594.0284729003906
proto_pollution_reconstruction: 0.028371810913085938
