graph: 443.99675
import: 1409
injection_detection: 1427.2160530090332
injection_reconstruction: 0.044345855712890625
proto_pollution_detection: 498.582124710083
proto_pollution_reconstruction: 0.018358230590820312
