graph: 953.541251
import: 833
injection_detection: 82.16142654418945
injection_reconstruction: 0.015974044799804688
proto_pollution_detection: 782.4759483337402
proto_pollution_reconstruction: 0.025272369384765625
