graph: 1142.30225
import: 934
injection_detection: 108.64758491516113
injection_reconstruction: 0.027418136596679688
proto_pollution_detection: 900.5329608917236
proto_pollution_reconstruction: 0.020265579223632812
