graph: 444.734709
import: 1096
injection_detection: 1376.3926029205322
injection_reconstruction: 0.02002716064453125
proto_pollution_detection: 518.8870429992676
proto_pollution_reconstruction: 0.020265579223632812
