graph: 1143.478209
import: 950
injection_detection: 152.6191234588623
injection_reconstruction: 0.018358230590820312
proto_pollution_detection: 629.9657821655273
proto_pollution_reconstruction: 0.03218650817871094
