graph: 553.534708
import: 719
injection_detection: 211.64941787719727
injection_reconstruction: 4391.414642333984
proto_pollution_detection: 377.1636486053467
proto_pollution_reconstruction: 0.012636184692382812
