graph: 184.76343
import: 1431
injection_detection: 2386.3868713378906
proto_pollution_detection: 882.9362392425537
