graph: 3249.565118
import: 1391
injection_detection: 460.1151943206787
injection_reconstruction: 4493.449449539185
proto_pollution_detection: 695.1901912689209
proto_pollution_reconstruction: 0.032901763916015625
