graph: 219.273542
import: 1368
injection_detection: 1762.413501739502
proto_pollution_detection: 2677.333116531372
