graph: 359.297708
import: 599
injection_detection: 92.70358085632324
injection_reconstruction: 0.02288818359375
proto_pollution_detection: 1091.3302898406982
proto_pollution_reconstruction: 4307.913541793823
