graph: 2821.805562
import: 1494
injection_detection: 347.1405506134033
injection_reconstruction: 0.04029273986816406
proto_pollution_detection: 3225.008964538574
proto_pollution_reconstruction: 12154.065608978271
