graph: 389.686125
import: 651
injection_detection: 140.58756828308105
injection_reconstruction: 0.02288818359375
proto_pollution_detection: 1573.296070098877
proto_pollution_reconstruction: 4641.098499298096
