graph: 142.218917
import: 741
injection_detection: 1078.9361000061035
injection_reconstruction: 0.016689300537109375
proto_pollution_detection: 1603.3294200897217
