graph: 165.671917
import: 897
injection_detection: 1325.7906436920166
injection_reconstruction: 0.018358230590820312
proto_pollution_detection: 1946.8841552734375
