graph: 359.94125
import: 629
injection_detection: 158.76460075378418
injection_reconstruction: 0.01811981201171875
proto_pollution_detection: 1549.1852760314941
proto_pollution_reconstruction: 4411.340713500977
