graph: 126.795417
import: 683
injection_detection: 1050.4350662231445
injection_reconstruction: 0.016927719116210938
proto_pollution_detection: 1712.7423286437988
