graph: 525.694001
import: 862
injection_detection: 183.48097801208496
injection_reconstruction: 4343.714237213135
proto_pollution_detection: 1233.3660125732422
proto_pollution_reconstruction: 555.2747249603271
