graph: 208.95575
import: 850
injection_detection: 1424.7937202453613
injection_reconstruction: 5281.339645385742
proto_pollution_detection: 388.4701728820801
proto_pollution_reconstruction: 489.5062446594238
