graph: 188.732209
import: 718
injection_detection: 1397.9475498199463
injection_reconstruction: 5585.878372192383
proto_pollution_detection: 400.3932476043701
proto_pollution_reconstruction: 446.4304447174072
