graph: 502.727208
import: 734
injection_detection: 235.17441749572754
injection_reconstruction: 5339.381694793701
proto_pollution_detection: 1373.880386352539
proto_pollution_reconstruction: 385.21647453308105
