graph: 227.843125
import: 1058
injection_detection: 2472.6364612579346
injection_reconstruction: 5913.679599761963
proto_pollution_detection: 421.78964614868164
proto_pollution_reconstruction: 527.8122425079346
