graph: 539.930917
import: 820
injection_detection: 213.23633193969727
injection_reconstruction: 4789.382696151733
proto_pollution_detection: 1238.1715774536133
proto_pollution_reconstruction: 570.9681510925293
