graph: 428.252833
import: 665
injection_detection: 110.55183410644531
injection_reconstruction: 3836.228609085083
proto_pollution_detection: 1088.0956649780273
proto_pollution_reconstruction: 519.218921661377
