graph: 143.078833
import: 863
injection_detection: 1312.7145767211914
injection_reconstruction: 0.041484832763671875
proto_pollution_detection: 454.6518325805664
proto_pollution_reconstruction: 0.02765655517578125
