graph: 129.5805
import: 845
injection_detection: 1334.8350524902344
injection_reconstruction: 0.019073486328125
proto_pollution_detection: 489.1998767852783
proto_pollution_reconstruction: 0.02002716064453125
