graph: 443.276875
import: 719
injection_detection: 165.93241691589355
injection_reconstruction: 0.022411346435546875
proto_pollution_detection: 906.9733619689941
proto_pollution_reconstruction: 0.02002716064453125
