graph: 403.999334
import: 731
injection_detection: 155.35974502563477
injection_reconstruction: 0.03147125244140625
proto_pollution_detection: 678.1582832336426
proto_pollution_reconstruction: 0.03170967102050781
