graph: 386.016042
import: 1012
injection_detection: 192.70038604736328
injection_reconstruction: 0.022172927856445312
proto_pollution_detection: 937.9034042358398
proto_pollution_reconstruction: 0.016450881958007812
