graph: 413.420958
import: 766
injection_detection: 190.81950187683105
injection_reconstruction: 0.020265579223632812
proto_pollution_detection: 1030.092716217041
proto_pollution_reconstruction: 0.019550323486328125
