graph: 135.136166
import: 876
injection_detection: 1367.776870727539
injection_reconstruction: 0.0209808349609375
proto_pollution_detection: 455.4178714752197
proto_pollution_reconstruction: 0.019788742065429688
