graph: 137.032542
import: 803
injection_detection: 1376.6868114471436
injection_reconstruction: 0.02193450927734375
proto_pollution_detection: 529.3989181518555
proto_pollution_reconstruction: 0.020503997802734375
