graph: 2831.668633
import: 1716
injection_detection: 462.7058506011963
injection_reconstruction: 537.5967025756836
proto_pollution_detection: 1946.629285812378
proto_pollution_reconstruction: 0.04172325134277344
