graph: 96.409266
import: 1141
injection_detection: 2011.9643211364746
proto_pollution_detection: 588.0963802337646
