graph: 131.565655
import: 1293
injection_detection: 2314.9728775024414
proto_pollution_detection: 842.9315090179443
