graph: 164.218833
import: 807
injection_detection: 1167.4551963806152
injection_reconstruction: 0.027418136596679688
proto_pollution_detection: 713.5114669799805
proto_pollution_reconstruction: 0.049591064453125
