graph: 512.73275
import: 677
injection_detection: 115.62442779541016
injection_reconstruction: 0.018835067749023438
proto_pollution_detection: 451.92956924438477
proto_pollution_reconstruction: 0.02002716064453125
