graph: 246.302788
import: 1251
injection_detection: 2148.7514972686768
proto_pollution_detection: 812.1414184570312
