graph: 622.090708
import: 903
injection_detection: 101.43637657165527
injection_reconstruction: 0.028133392333984375
proto_pollution_detection: 882.1337223052979
proto_pollution_reconstruction: 0.061511993408203125
