graph: 170.916209
import: 815
injection_detection: 1389.1005516052246
injection_reconstruction: 0.019788742065429688
proto_pollution_detection: 500.98419189453125
proto_pollution_reconstruction: 0.029802322387695312
