graph: 563.853583
import: 708
injection_detection: 99.76840019226074
injection_reconstruction: 0.017881393432617188
proto_pollution_detection: 773.6144065856934
proto_pollution_reconstruction: 0.03170967102050781
