graph: 616.540001
import: 1044
injection_detection: 145.82252502441406
injection_reconstruction: 0.023603439331054688
proto_pollution_detection: 943.7847137451172
proto_pollution_reconstruction: 0.022411346435546875
