graph: 514.383167
import: 604
injection_detection: 106.36615753173828
injection_reconstruction: 4684.154510498047
proto_pollution_detection: 298.27189445495605
proto_pollution_reconstruction: 0.049114227294921875
