graph: 441.277875
import: 627
injection_detection: 102.08296775817871
injection_reconstruction: 3866.0216331481934
proto_pollution_detection: 352.3550033569336
proto_pollution_reconstruction: 0.017404556274414062
