graph: 412.867209
import: 578
injection_detection: 96.97222709655762
injection_reconstruction: 4336.338996887207
proto_pollution_detection: 311.0034465789795
proto_pollution_reconstruction: 0.026702880859375
