graph: 438.854375
import: 611
injection_detection: 116.72258377075195
injection_reconstruction: 4919.143438339233
proto_pollution_detection: 331.2981128692627
proto_pollution_reconstruction: 0.021219253540039062
