graph: 2756.759337
import: 1261
injection_detection: 441.1911964416504
injection_reconstruction: 478.49011421203613
proto_pollution_detection: 1875.4940032958984
proto_pollution_reconstruction: 0.04601478576660156
