graph: 384.701208
import: 699
injection_detection: 110.7029914855957
injection_reconstruction: 0.01811981201171875
proto_pollution_detection: 1354.6805381774902
proto_pollution_reconstruction: 0.10347366333007812
