graph: 168.807084
import: 878
injection_detection: 1568.3085918426514
injection_reconstruction: 0.019311904907226562
proto_pollution_detection: 567.09885597229
proto_pollution_reconstruction: 0.036716461181640625
