graph: 387.423125
import: 722
injection_detection: 114.02010917663574
injection_reconstruction: 0.026941299438476562
proto_pollution_detection: 972.2697734832764
proto_pollution_reconstruction: 0.020742416381835938
