graph: 116.003334
import: 720
injection_detection: 1119.3506717681885
injection_reconstruction: 0.05030632019042969
proto_pollution_detection: 459.1085910797119
proto_pollution_reconstruction: 0.025987625122070312
