graph: 374.262708
import: 663
injection_detection: 121.20866775512695
injection_reconstruction: 0.021457672119140625
proto_pollution_detection: 583.3408832550049
proto_pollution_reconstruction: 0.0247955322265625
