graph: 124.696792
import: 985
injection_detection: 1419.8458194732666
injection_reconstruction: 0.028371810913085938
proto_pollution_detection: 493.1342601776123
proto_pollution_reconstruction: 0.025272369384765625
