graph: 148.893041
import: 933
injection_detection: 1836.0145092010498
injection_reconstruction: 0.020742416381835938
proto_pollution_detection: 731.8289279937744
proto_pollution_reconstruction: 0.0286102294921875
