graph: 360.546667
import: 640
injection_detection: 108.91962051391602
injection_reconstruction: 0.01811981201171875
proto_pollution_detection: 865.6668663024902
proto_pollution_reconstruction: 0.019311904907226562
