graph: 228.542542
import: 925
injection_detection: 2118.574619293213
injection_reconstruction: 0.054836273193359375
proto_pollution_detection: 638.812780380249
proto_pollution_reconstruction: 0.030279159545898438
