graph: 474.203875
import: 854
injection_detection: 122.67112731933594
injection_reconstruction: 7238.119125366211
proto_pollution_detection: 336.58432960510254
proto_pollution_reconstruction: 0.019550323486328125
