graph: 301.116671
import: 1497
injection_detection: 2241.266965866089
proto_pollution_detection: 735.4645729064941
