graph: 481.516625
import: 966
injection_detection: 227.13685035705566
injection_reconstruction: 6022.53532409668
proto_pollution_detection: 290.8949851989746
proto_pollution_reconstruction: 0.017404556274414062
