graph: 432.608917
import: 804
injection_detection: 134.1726779937744
injection_reconstruction: 6360.059976577759
proto_pollution_detection: 334.0625762939453
proto_pollution_reconstruction: 0.023603439331054688
