graph: 427.427958
import: 752
injection_detection: 114.28022384643555
injection_reconstruction: 5665.902376174927
proto_pollution_detection: 301.33700370788574
proto_pollution_reconstruction: 0.018596649169921875
