graph: 165.591625
import: 685
injection_detection: 1521.3687419891357
injection_reconstruction: 11939.905405044556
proto_pollution_detection: 96.98677062988281
proto_pollution_reconstruction: 0.017642974853515625
