graph: 98.161375
import: 692
injection_detection: 1397.918462753296
injection_reconstruction: 1552.1252155303955
proto_pollution_detection: 161.56840324401855
proto_pollution_reconstruction: 0.022411346435546875
