graph: 272.976125
import: 566
injection_detection: 102.4007797241211
injection_reconstruction: 970.5953598022461
proto_pollution_detection: 362.5202178955078
proto_pollution_reconstruction: 0.018596649169921875
