graph: 299.398792
import: 666
injection_detection: 193.3283805847168
injection_reconstruction: 1363.5940551757812
proto_pollution_detection: 442.7194595336914
proto_pollution_reconstruction: 0.018358230590820312
