graph: 265.039375
import: 592
injection_detection: 177.687406539917
injection_reconstruction: 1365.2169704437256
proto_pollution_detection: 450.272798538208
proto_pollution_reconstruction: 0.019073486328125
