graph: 74.461583
import: 641
injection_detection: 1120.9158897399902
injection_reconstruction: 1345.5121517181396
proto_pollution_detection: 154.40940856933594
proto_pollution_reconstruction: 0.027894973754882812
