graph: 278.057708
import: 600
injection_detection: 264.70160484313965
injection_reconstruction: 1403.1639099121094
proto_pollution_detection: 481.18066787719727
proto_pollution_reconstruction: 0.019550323486328125
