graph: 132.171417
import: 818
injection_detection: 1430.0076961517334
injection_reconstruction: 2459.5322608947754
proto_pollution_detection: 173.44975471496582
proto_pollution_reconstruction: 0.024557113647460938
