graph: 100.363125
import: 650
injection_detection: 1246.3884353637695
injection_reconstruction: 1529.090166091919
proto_pollution_detection: 152.8189182281494
proto_pollution_reconstruction: 0.021696090698242188
