graph: 2815.033962
import: 1274
injection_detection: 453.106164932251
injection_reconstruction: 3300.3296852111816
proto_pollution_detection: 1262.3987197875977
proto_pollution_reconstruction: 0.039577484130859375
