graph: 373.278
import: 1244
injection_detection: 190.66739082336426
injection_reconstruction: 1376.9116401672363
proto_pollution_detection: 490.7715320587158
proto_pollution_reconstruction: 0.019311904907226562
