graph: 2991.183998
import: 1290
injection_detection: 199.4621753692627
injection_reconstruction: 0.03361701965332031
proto_pollution_detection: 2013.4224891662598
proto_pollution_reconstruction: 12313.660621643066
