graph: 117.835583
import: 746
injection_detection: 1406.0652256011963
injection_reconstruction: 0.018596649169921875
proto_pollution_detection: 1107.2885990142822
proto_pollution_reconstruction: 5639.916181564331
