graph: 402.313041
import: 611
injection_detection: 128.93271446228027
injection_reconstruction: 0.015735626220703125
proto_pollution_detection: 877.5491714477539
proto_pollution_reconstruction: 4594.3238735198975
