graph: 92.603666
import: 726
injection_detection: 1312.5026226043701
injection_reconstruction: 0.04982948303222656
proto_pollution_detection: 1120.0520992279053
proto_pollution_reconstruction: 5320.790529251099
