graph: 472.110042
import: 627
injection_detection: 100.53682327270508
injection_reconstruction: 0.021457672119140625
proto_pollution_detection: 1270.310401916504
proto_pollution_reconstruction: 4673.572301864624
