graph: 485.965208
import: 626
injection_detection: 171.7207431793213
injection_reconstruction: 0.034809112548828125
proto_pollution_detection: 1365.7236099243164
proto_pollution_reconstruction: 5107.911109924316
