graph: 118.610209
import: 765
injection_detection: 1580.0886154174805
injection_reconstruction: 0.039577484130859375
proto_pollution_detection: 1455.310344696045
proto_pollution_reconstruction: 5325.955629348755
