graph: 488.633708
import: 625
injection_detection: 197.60465621948242
injection_reconstruction: 0.06079673767089844
proto_pollution_detection: 1328.3610343933105
proto_pollution_reconstruction: 5085.756540298462
