graph: 354.935084
import: 625
injection_detection: 94.60568428039551
injection_reconstruction: 4362.5328540802
proto_pollution_detection: 364.3171787261963
proto_pollution_reconstruction: 0.018358230590820312
