graph: 541.075875
import: 725
injection_detection: 146.74687385559082
injection_reconstruction: 4959.904432296753
proto_pollution_detection: 317.4474239349365
proto_pollution_reconstruction: 0.018358230590820312
