graph: 205.392264
import: 1304
injection_detection: 2298.025369644165
proto_pollution_detection: 851.8264293670654
