graph: 387.816667
import: 817
injection_detection: 120.34893035888672
injection_reconstruction: 5459.060907363892
proto_pollution_detection: 356.01353645324707
proto_pollution_reconstruction: 0.02193450927734375
