graph: 194.381567
import: 1046
injection_detection: 2046.940803527832
proto_pollution_detection: 571.8991756439209
