graph: 351.578834
import: 679
injection_detection: 116.67084693908691
injection_reconstruction: 4989.662170410156
proto_pollution_detection: 335.845947265625
proto_pollution_reconstruction: 0.018596649169921875
