graph: 3329.204069
import: 1409
injection_detection: 260.174036026001
injection_reconstruction: 7335.518836975098
proto_pollution_detection: 529.9680233001709
proto_pollution_reconstruction: 0.030755996704101562
