graph: 648.432125
import: 723
injection_detection: 137.7885341644287
injection_reconstruction: 4576.63106918335
proto_pollution_detection: 339.3559455871582
proto_pollution_reconstruction: 0.027418136596679688
