graph: 807.786583
import: 669
injection_detection: 91.54272079467773
injection_reconstruction: 0.028848648071289062
proto_pollution_detection: 974.3244647979736
proto_pollution_reconstruction: 5254.05478477478
