graph: 546.102209
import: 667
injection_detection: 102.67519950866699
injection_reconstruction: 0.020742416381835938
proto_pollution_detection: 1002.812385559082
proto_pollution_reconstruction: 5344.278335571289
