graph: 271.48494
import: 1319
injection_detection: 2461.36736869812
proto_pollution_detection: 2570.7223415374756
