graph: 670.905042
import: 673
injection_detection: 112.50519752502441
injection_reconstruction: 0.014781951904296875
proto_pollution_detection: 1136.7859840393066
proto_pollution_reconstruction: 5519.615650177002
