graph: 508.751208
import: 630
injection_detection: 99.22933578491211
injection_reconstruction: 0.018358230590820312
proto_pollution_detection: 709.3744277954102
proto_pollution_reconstruction: 4664.361238479614
