graph: 198.589625
import: 879
injection_detection: 1365.2455806732178
injection_reconstruction: 0.020265579223632812
proto_pollution_detection: 1441.507339477539
proto_pollution_reconstruction: 11798.846006393433
