graph: 194.181375
import: 1090
injection_detection: 1348.4525680541992
injection_reconstruction: 0.02288818359375
proto_pollution_detection: 1526.7868041992188
proto_pollution_reconstruction: 12567.210912704468
