graph: 227.897346
import: 1318
injection_detection: 1993.9854145050049
proto_pollution_detection: 612.3948097229004
