graph: 3368.619542
import: 1625
injection_detection: 244.36616897583008
injection_reconstruction: 7409.918785095215
proto_pollution_detection: 562.9622936248779
proto_pollution_reconstruction: 0.03314018249511719
