graph: 337.370292
import: 642
injection_detection: 218.97530555725098
injection_reconstruction: 4069.755792617798
proto_pollution_detection: 404.16598320007324
proto_pollution_reconstruction: 0.017404556274414062
