graph: 2815.914225
import: 1321
injection_detection: 465.0576114654541
injection_reconstruction: 370.32198905944824
proto_pollution_detection: 1955.7685852050781
proto_pollution_reconstruction: 0.03790855407714844
