graph: 2811.12133
import: 1227
injection_detection: 448.7569332122803
injection_reconstruction: 517.9500579833984
proto_pollution_detection: 1793.3125495910645
proto_pollution_reconstruction: 0.04029273986816406
