graph: 460.814
import: 639
injection_detection: 94.06161308288574
injection_reconstruction: 4840.972900390625
proto_pollution_detection: 304.6746253967285
proto_pollution_reconstruction: 0.031948089599609375
