graph: 409.033042
import: 642
injection_detection: 98.95706176757812
injection_reconstruction: 4965.545177459717
proto_pollution_detection: 309.1259002685547
proto_pollution_reconstruction: 0.023603439331054688
