graph: 395.102417
import: 627
injection_detection: 101.36103630065918
injection_reconstruction: 4547.58095741272
proto_pollution_detection: 328.5331726074219
proto_pollution_reconstruction: 0.015735626220703125
