graph: 631.575875
import: 702
injection_detection: 112.0595932006836
injection_reconstruction: 5063.982963562012
proto_pollution_detection: 366.46533012390137
proto_pollution_reconstruction: 0.02288818359375
