graph: 3351.892614
import: 1406
injection_detection: 442.9159164428711
injection_reconstruction: 11663.370370864868
proto_pollution_detection: 835.2513313293457
proto_pollution_reconstruction: 0.039577484130859375
