graph: 970.869917
import: 1115
injection_detection: 1354.931354522705
injection_reconstruction: 0.015974044799804688
proto_pollution_detection: 537.3339653015137
proto_pollution_reconstruction: 0.020503997802734375
