graph: 1777.625209
import: 882
injection_detection: 87.15701103210449
injection_reconstruction: 0.014781951904296875
proto_pollution_detection: 727.35595703125
proto_pollution_reconstruction: 0.020742416381835938
