graph: 1759.280668
import: 875
injection_detection: 86.08722686767578
injection_reconstruction: 0.015020370483398438
proto_pollution_detection: 695.4426765441895
proto_pollution_reconstruction: 0.017881393432617188
