graph: 2263.77571
import: 1103
injection_detection: 117.14315414428711
injection_reconstruction: 0.019073486328125
proto_pollution_detection: 597.8150367736816
proto_pollution_reconstruction: 0.021219253540039062
