graph: 1003.593667
import: 1165
injection_detection: 1482.0339679718018
injection_reconstruction: 0.019073486328125
proto_pollution_detection: 495.4707622528076
proto_pollution_reconstruction: 0.020265579223632812
