graph: 1008.83925
import: 1972
injection_detection: 1455.3923606872559
injection_reconstruction: 0.020503997802734375
proto_pollution_detection: 485.058069229126
proto_pollution_reconstruction: 0.03457069396972656
