graph: 927.837959
import: 1389
injection_detection: 1358.6821556091309
injection_reconstruction: 0.020265579223632812
proto_pollution_detection: 452.1181583404541
proto_pollution_reconstruction: 0.020742416381835938
