graph: 1737.064376
import: 863
injection_detection: 84.43212509155273
injection_reconstruction: 0.0171661376953125
proto_pollution_detection: 752.4278163909912
proto_pollution_reconstruction: 0.02288818359375
