graph: 250.731598
import: 1646
injection_detection: 2397.1877098083496
proto_pollution_detection: 835.4160785675049
