graph: 373.015458
import: 641
injection_detection: 206.01487159729004
injection_reconstruction: 4359.022617340088
proto_pollution_detection: 376.74880027770996
proto_pollution_reconstruction: 0.021219253540039062
