graph: 428.362501
import: 704
injection_detection: 226.3791561126709
injection_reconstruction: 4309.497356414795
proto_pollution_detection: 391.1592960357666
proto_pollution_reconstruction: 0.026226043701171875
