graph: 413.045667
import: 837
injection_detection: 205.30200004577637
injection_reconstruction: 5313.955783843994
proto_pollution_detection: 352.1566390991211
proto_pollution_reconstruction: 0.018596649169921875
