graph: 2837.62902
import: 1252
injection_detection: 407.9287052154541
injection_reconstruction: 334.58805084228516
proto_pollution_detection: 1672.4753379821777
proto_pollution_reconstruction: 0.044345855712890625
