graph: 2849.965031
import: 1289
injection_detection: 427.8693199157715
injection_reconstruction: 456.8638801574707
proto_pollution_detection: 1886.0924243927002
proto_pollution_reconstruction: 0.04315376281738281
