graph: 116.840833
import: 831
injection_detection: 1394.9415683746338
injection_reconstruction: 0.02193450927734375
proto_pollution_detection: 1039.1125679016113
proto_pollution_reconstruction: 9877.508640289307
