graph: 129.373917
import: 1050
injection_detection: 1455.7108879089355
injection_reconstruction: 0.02384185791015625
proto_pollution_detection: 1116.6443824768066
proto_pollution_reconstruction: 9152.524471282959
