graph: 142.830333
import: 877
injection_detection: 1477.2439002990723
injection_reconstruction: 0.024080276489257812
proto_pollution_detection: 1062.3443126678467
proto_pollution_reconstruction: 7289.89577293396
