graph: 416.114709
import: 729
injection_detection: 129.24456596374512
injection_reconstruction: 0.019073486328125
proto_pollution_detection: 1231.2357425689697
proto_pollution_reconstruction: 4729.483842849731
