graph: 131.182126
import: 866
injection_detection: 1347.3069667816162
injection_reconstruction: 0.018358230590820312
proto_pollution_detection: 1108.309030532837
proto_pollution_reconstruction: 5557.186841964722
