graph: 366.405042
import: 667
injection_detection: 130.96976280212402
injection_reconstruction: 0.019311904907226562
proto_pollution_detection: 1301.814079284668
proto_pollution_reconstruction: 3801.013708114624
