graph: 372.208417
import: 712
injection_detection: 109.24553871154785
injection_reconstruction: 0.0171661376953125
proto_pollution_detection: 1112.3580932617188
proto_pollution_reconstruction: 4717.495441436768
