graph: 379.601334
import: 704
injection_detection: 124.15122985839844
injection_reconstruction: 0.020742416381835938
proto_pollution_detection: 905.3065776824951
proto_pollution_reconstruction: 4585.95609664917
