graph: 536.126542
import: 700
injection_detection: 201.41863822937012
injection_reconstruction: 0.020265579223632812
proto_pollution_detection: 902.6148319244385
proto_pollution_reconstruction: 0.020265579223632812
