graph: 117.035209
import: 809
injection_detection: 1139.5776271820068
injection_reconstruction: 0.0152587890625
proto_pollution_detection: 356.4157485961914
proto_pollution_reconstruction: 0.020503997802734375
