graph: 267.882292
import: 814
injection_detection: 1363.5704517364502
injection_reconstruction: 0.023603439331054688
proto_pollution_detection: 473.6020565032959
proto_pollution_reconstruction: 0.022411346435546875
