graph: 105.5635
import: 687
injection_detection: 1145.7605361938477
injection_reconstruction: 0.017404556274414062
proto_pollution_detection: 403.6276340484619
proto_pollution_reconstruction: 0.017642974853515625
