graph: 258.251291
import: 784
injection_detection: 1534.0330600738525
injection_reconstruction: 0.020503997802734375
proto_pollution_detection: 658.9694023132324
proto_pollution_reconstruction: 0.01811981201171875
