graph: 430.626084
import: 612
injection_detection: 180.3748607635498
injection_reconstruction: 0.016689300537109375
proto_pollution_detection: 808.4867000579834
proto_pollution_reconstruction: 0.023365020751953125
