graph: 427.783167
import: 613
injection_detection: 108.76107215881348
injection_reconstruction: 0.0209808349609375
proto_pollution_detection: 512.8040313720703
proto_pollution_reconstruction: 0.022649765014648438
