graph: 482.641292
import: 665
injection_detection: 182.74807929992676
injection_reconstruction: 0.0171661376953125
proto_pollution_detection: 824.2871761322021
proto_pollution_reconstruction: 0.025987625122070312
