graph: 456.516875
import: 641
injection_detection: 183.41732025146484
injection_reconstruction: 0.016927719116210938
proto_pollution_detection: 806.2758445739746
proto_pollution_reconstruction: 0.019073486328125
