graph: 3069.67333
import: 1416
injection_detection: 431.60367012023926
injection_reconstruction: 8459.838151931763
proto_pollution_detection: 708.8496685028076
proto_pollution_reconstruction: 0.031232833862304688
