graph: 66.991208
import: 596
injection_detection: 1168.952465057373
injection_reconstruction: 1380.9642791748047
proto_pollution_detection: 149.60193634033203
proto_pollution_reconstruction: 0.017881393432617188
