graph: 369.670626
import: 548
injection_detection: 187.8821849822998
injection_reconstruction: 1296.3697910308838
proto_pollution_detection: 471.970796585083
proto_pollution_reconstruction: 0.014543533325195312
