graph: 359.524667
import: 630
injection_detection: 104.04133796691895
injection_reconstruction: 967.8859710693359
proto_pollution_detection: 398.8020420074463
proto_pollution_reconstruction: 0.0171661376953125
