graph: 112.890375
import: 727
injection_detection: 1549.1106510162354
injection_reconstruction: 1757.6708793640137
proto_pollution_detection: 207.98349380493164
proto_pollution_reconstruction: 0.020503997802734375
