graph: 150.992583
import: 776
injection_detection: 1550.4190921783447
injection_reconstruction: 1718.7132835388184
proto_pollution_detection: 172.9745864868164
proto_pollution_reconstruction: 0.021457672119140625
