graph: 412.382333
import: 648
injection_detection: 197.27158546447754
injection_reconstruction: 1305.3278923034668
proto_pollution_detection: 479.43878173828125
proto_pollution_reconstruction: 0.027894973754882812
