graph: 71.773875
import: 628
injection_detection: 1171.2193489074707
injection_reconstruction: 1346.0612297058105
proto_pollution_detection: 169.38447952270508
proto_pollution_reconstruction: 0.015735626220703125
