graph: 700.158791
import: 620
injection_detection: 205.65414428710938
injection_reconstruction: 1377.0976066589355
proto_pollution_detection: 863.7344837188721
proto_pollution_reconstruction: 0.033855438232421875
