graph: 385.462583
import: 556
injection_detection: 193.21703910827637
injection_reconstruction: 1297.4202632904053
proto_pollution_detection: 510.27822494506836
proto_pollution_reconstruction: 0.024080276489257812
