graph: 111.513083
import: 676
injection_detection: 1345.8831310272217
injection_reconstruction: 1607.2301864624023
proto_pollution_detection: 175.5068302154541
proto_pollution_reconstruction: 0.018835067749023438
