graph: 503.699209
import: 657
injection_detection: 117.36464500427246
injection_reconstruction: 4083.111047744751
proto_pollution_detection: 341.123104095459
proto_pollution_reconstruction: 0.01811981201171875
