graph: 3092.514511
import: 2001
injection_detection: 205.46698570251465
injection_reconstruction: 7600.731134414673
proto_pollution_detection: 530.6432247161865
proto_pollution_reconstruction: 0.030279159545898438
