graph: 2891.403133
import: 1330
injection_detection: 408.458948135376
injection_reconstruction: 469.48695182800293
proto_pollution_detection: 1766.036033630371
proto_pollution_reconstruction: 0.04267692565917969
