graph: 2821.79796
import: 1326
injection_detection: 439.3200874328613
injection_reconstruction: 293.11347007751465
proto_pollution_detection: 2057.5077533721924
proto_pollution_reconstruction: 0.043392181396484375
