graph: 2893.997983
import: 1325
injection_detection: 423.6321449279785
injection_reconstruction: 369.7850704193115
proto_pollution_detection: 2033.1275463104248
proto_pollution_reconstruction: 0.05173683166503906
