
Timed out
graph: 497237.504685
import: 2775
injection_detection: 1384.6290111541748
injection_reconstruction: 0.018596649169921875
