graph: 311.409292
import: 611
injection_detection: 186.19346618652344
injection_reconstruction: 1661.9060039520264
proto_pollution_detection: 477.9798984527588
proto_pollution_reconstruction: 0.020742416381835938
