graph: 142.261651
import: 1383
injection_detection: 2250.1819133758545
proto_pollution_detection: 870.964527130127
