graph: 2817.701993
import: 1466
injection_detection: 453.948974609375
injection_reconstruction: 4022.6895809173584
proto_pollution_detection: 1214.689016342163
proto_pollution_reconstruction: 0.04315376281738281
