graph: 355.267709
import: 687
injection_detection: 372.73645401000977
injection_reconstruction: 1725.0347137451172
proto_pollution_detection: 456.44402503967285
proto_pollution_reconstruction: 0.026702880859375
