graph: 99.445413
import: 1096
injection_detection: 2061.7611408233643
proto_pollution_detection: 572.5314617156982
