graph: 359.973375
import: 711
injection_detection: 324.69987869262695
injection_reconstruction: 2406.1357975006104
proto_pollution_detection: 599.3649959564209
proto_pollution_reconstruction: 0.022411346435546875
