graph: 281.204584
import: 575
injection_detection: 111.24348640441895
injection_reconstruction: 1290.550708770752
proto_pollution_detection: 411.85593605041504
proto_pollution_reconstruction: 0.022411346435546875
