graph: 2775.135456
import: 1156
injection_detection: 400.1471996307373
injection_reconstruction: 505.31005859375
proto_pollution_detection: 1865.412950515747
proto_pollution_reconstruction: 0.04220008850097656
