graph: 337.366083
import: 638
injection_detection: 234.7543239593506
injection_reconstruction: 3990.7760620117188
proto_pollution_detection: 329.73194122314453
proto_pollution_reconstruction: 0.022649765014648438
