graph: 2873.546746
import: 1524
injection_detection: 438.0970001220703
injection_reconstruction: 490.13590812683105
proto_pollution_detection: 1962.0845317840576
proto_pollution_reconstruction: 0.04076957702636719
