graph: 368.744375
import: 635
injection_detection: 161.99541091918945
injection_reconstruction: 0.030040740966796875
proto_pollution_detection: 903.4459590911865
proto_pollution_reconstruction: 0.023603439331054688
