graph: 351.716292
import: 646
injection_detection: 181.73646926879883
injection_reconstruction: 0.015735626220703125
proto_pollution_detection: 910.7811450958252
proto_pollution_reconstruction: 0.02002716064453125
