graph: 118.213375
import: 768
injection_detection: 1385.2086067199707
injection_reconstruction: 0.03147125244140625
proto_pollution_detection: 455.84893226623535
proto_pollution_reconstruction: 0.015974044799804688
