graph: 92.972333
import: 874
injection_detection: 1337.925672531128
injection_reconstruction: 0.022649765014648438
proto_pollution_detection: 493.65687370300293
proto_pollution_reconstruction: 0.0247955322265625
