graph: 82.393042
import: 619
injection_detection: 1062.723159790039
injection_reconstruction: 0.016689300537109375
proto_pollution_detection: 370.33796310424805
proto_pollution_reconstruction: 0.0171661376953125
