graph: 126.897666
import: 819
injection_detection: 1441.9519901275635
injection_reconstruction: 0.08893013000488281
proto_pollution_detection: 520.1807022094727
proto_pollution_reconstruction: 0.017642974853515625
