graph: 364.741834
import: 753
injection_detection: 114.44783210754395
injection_reconstruction: 0.019550323486328125
proto_pollution_detection: 588.8485908508301
proto_pollution_reconstruction: 0.0324249267578125
