graph: 364.151834
import: 744
injection_detection: 192.0642852783203
injection_reconstruction: 0.016927719116210938
proto_pollution_detection: 1054.64506149292
proto_pollution_reconstruction: 0.020742416381835938
