graph: 2842.758715
import: 1442
injection_detection: 472.3079204559326
injection_reconstruction: 536.0057353973389
proto_pollution_detection: 1959.4898223876953
proto_pollution_reconstruction: 0.04363059997558594
