graph: 2829.315731
import: 1144
injection_detection: 428.4703731536865
injection_reconstruction: 396.0897922515869
proto_pollution_detection: 1639.1682624816895
proto_pollution_reconstruction: 0.03552436828613281
