graph: 133.18947
import: 1342
injection_detection: 2205.874443054199
proto_pollution_detection: 806.3592910766602
