graph: 127.822781
import: 1277
injection_detection: 2088.40012550354
proto_pollution_detection: 588.2816314697266
