graph: 2846.981754
import: 1262
injection_detection: 405.5771827697754
injection_reconstruction: 387.5396251678467
proto_pollution_detection: 1813.347578048706
proto_pollution_reconstruction: 0.04363059997558594
