graph: 429.506792
import: 691
injection_detection: 122.66659736633301
injection_reconstruction: 5683.056354522705
proto_pollution_detection: 379.58693504333496
proto_pollution_reconstruction: 0.029325485229492188
