graph: 2707.467126
import: 1339
injection_detection: 215.58380126953125
injection_reconstruction: 9002.063035964966
proto_pollution_detection: 541.2106513977051
proto_pollution_reconstruction: 0.03314018249511719
