graph: 536.280042
import: 892
injection_detection: 224.72691535949707
injection_reconstruction: 4302.181005477905
proto_pollution_detection: 470.470666885376
proto_pollution_reconstruction: 0.017881393432617188
