graph: 134.375833
import: 912
injection_detection: 1423.3152866363525
injection_reconstruction: 7576.012134552002
proto_pollution_detection: 200.90150833129883
proto_pollution_reconstruction: 0.023365020751953125
