graph: 342.79225
import: 683
injection_detection: 143.57352256774902
injection_reconstruction: 3633.2545280456543
proto_pollution_detection: 352.0040512084961
proto_pollution_reconstruction: 0.015497207641601562
