graph: 340.977209
import: 670
injection_detection: 223.23942184448242
injection_reconstruction: 4976.8335819244385
proto_pollution_detection: 425.08506774902344
proto_pollution_reconstruction: 0.016689300537109375
