graph: 366.167084
import: 733
injection_detection: 261.272668838501
injection_reconstruction: 5446.717262268066
proto_pollution_detection: 545.5338954925537
proto_pollution_reconstruction: 0.0209808349609375
