graph: 11127.795286
import: 2956
injection_detection: 374.6352195739746
injection_reconstruction: 11587.441682815552
proto_pollution_detection: 632.3661804199219
proto_pollution_reconstruction: 0.03170967102050781
