graph: 11444.919041
import: 3320
injection_detection: 247.02978134155273
injection_reconstruction: 16517.106771469116
proto_pollution_detection: 514.1825675964355
proto_pollution_reconstruction: 0.03337860107421875
