graph: 549.404625
import: 640
injection_detection: 138.35453987121582
injection_reconstruction: 4111.685276031494
proto_pollution_detection: 407.58633613586426
proto_pollution_reconstruction: 0.019073486328125
