graph: 571.643792
import: 680
injection_detection: 134.06062126159668
injection_reconstruction: 4036.5209579467773
proto_pollution_detection: 529.4060707092285
proto_pollution_reconstruction: 0.033855438232421875
