graph: 633.052917
import: 685
injection_detection: 185.6555938720703
injection_reconstruction: 4563.436269760132
proto_pollution_detection: 338.3049964904785
proto_pollution_reconstruction: 0.019073486328125
