graph: 509.681208
import: 634
injection_detection: 132.8597068786621
injection_reconstruction: 3944.059371948242
proto_pollution_detection: 310.81295013427734
proto_pollution_reconstruction: 0.017881393432617188
