graph: 713.356001
import: 1312
injection_detection: 1245.945692062378
injection_reconstruction: 0.015735626220703125
proto_pollution_detection: 440.68384170532227
proto_pollution_reconstruction: 0.025510787963867188
