graph: 1616.573709
import: 855
injection_detection: 90.07120132446289
injection_reconstruction: 0.029802322387695312
proto_pollution_detection: 758.8648796081543
proto_pollution_reconstruction: 0.016689300537109375
