graph: 836.154
import: 1169
injection_detection: 1612.6267910003662
injection_reconstruction: 0.040531158447265625
proto_pollution_detection: 472.92137145996094
proto_pollution_reconstruction: 0.021219253540039062
