graph: 1530.464584
import: 884
injection_detection: 81.38918876647949
injection_reconstruction: 0.014781951904296875
proto_pollution_detection: 708.4989547729492
proto_pollution_reconstruction: 0.017881393432617188
