graph: 1482.440334
import: 854
injection_detection: 88.73558044433594
injection_reconstruction: 0.019311904907226562
proto_pollution_detection: 688.6870861053467
proto_pollution_reconstruction: 0.0171661376953125
