graph: 835.036251
import: 1244
injection_detection: 1322.9007720947266
injection_reconstruction: 0.044345855712890625
proto_pollution_detection: 464.81943130493164
proto_pollution_reconstruction: 0.019788742065429688
