graph: 923.318959
import: 1356
injection_detection: 1660.449743270874
injection_reconstruction: 0.022649765014648438
proto_pollution_detection: 530.1473140716553
proto_pollution_reconstruction: 0.02288818359375
