graph: 1918.78246
import: 1022
injection_detection: 110.25547981262207
injection_reconstruction: 0.018835067749023438
proto_pollution_detection: 577.197790145874
proto_pollution_reconstruction: 0.015497207641601562
