graph: 436.904792
import: 988
injection_detection: 1331.8901062011719
injection_reconstruction: 4086.070775985718
proto_pollution_detection: 163.30265998840332
proto_pollution_reconstruction: 0.022172927856445312
