graph: 1200.181626
import: 830
injection_detection: 215.95120429992676
injection_reconstruction: 5710.035085678101
proto_pollution_detection: 370.92089653015137
proto_pollution_reconstruction: 0.0171661376953125
