graph: 1100.842042
import: 754
injection_detection: 132.68113136291504
injection_reconstruction: 4983.98756980896
proto_pollution_detection: 336.8244171142578
proto_pollution_reconstruction: 0.02765655517578125
