graph: 431.719458
import: 842
injection_detection: 1186.7916584014893
injection_reconstruction: 3388.7979984283447
proto_pollution_detection: 112.28156089782715
proto_pollution_reconstruction: 0.01811981201171875
