graph: 1175.714792
import: 797
injection_detection: 248.55923652648926
injection_reconstruction: 5314.176082611084
proto_pollution_detection: 384.537935256958
proto_pollution_reconstruction: 0.019550323486328125
