graph: 36021.263183
import: 1187
injection_detection: 1408.1764221191406
injection_reconstruction: 7410.442352294922
proto_pollution_detection: 135.06484031677246
proto_pollution_reconstruction: 0.022411346435546875
