graph: 1239.641042
import: 862
injection_detection: 227.97489166259766
injection_reconstruction: 4760.637998580933
proto_pollution_detection: 493.6950206756592
proto_pollution_reconstruction: 0.029802322387695312
