graph: 37886.758101
import: 1268
injection_detection: 1494.1980838775635
injection_reconstruction: 7250.49352645874
proto_pollution_detection: 197.39460945129395
proto_pollution_reconstruction: 0.033855438232421875
