graph: 1111.942458
import: 757
injection_detection: 212.24641799926758
injection_reconstruction: 4751.304626464844
proto_pollution_detection: 404.5572280883789
proto_pollution_reconstruction: 0.017404556274414062
