graph: 2879.396571
import: 1495
injection_detection: 468.78814697265625
injection_reconstruction: 4026.4828205108643
proto_pollution_detection: 1160.8200073242188
proto_pollution_reconstruction: 0.03838539123535156
