graph: 323.172834
import: 635
injection_detection: 203.42230796813965
injection_reconstruction: 1708.9874744415283
proto_pollution_detection: 455.49678802490234
proto_pollution_reconstruction: 0.019073486328125
