graph: 334.453667
import: 644
injection_detection: 282.40299224853516
injection_reconstruction: 1959.909439086914
proto_pollution_detection: 619.4822788238525
proto_pollution_reconstruction: 0.029087066650390625
