graph: 292.51625
import: 582
injection_detection: 119.8892593383789
injection_reconstruction: 1269.5374488830566
proto_pollution_detection: 405.8566093444824
proto_pollution_reconstruction: 0.01811981201171875
