graph: 278.314417
import: 628
injection_detection: 237.02120780944824
injection_reconstruction: 1821.7453956604004
proto_pollution_detection: 538.7232303619385
proto_pollution_reconstruction: 0.018596649169921875
