graph: 6966.33592
import: 1288
injection_detection: 73.96101951599121
injection_reconstruction: 0.018596649169921875
proto_pollution_detection: 3562.371015548706
proto_pollution_reconstruction: 1563.3912086486816
