graph: 6719.973212
import: 1044
injection_detection: 82.27348327636719
injection_reconstruction: 0.0171661376953125
proto_pollution_detection: 3195.7337856292725
proto_pollution_reconstruction: 1349.89333152771
