graph: 7148.257128
import: 1326
injection_detection: 79.80895042419434
injection_reconstruction: 0.019311904907226562
proto_pollution_detection: 3782.442331314087
proto_pollution_reconstruction: 1788.7027263641357
