graph: 7058.501712
import: 1128
injection_detection: 73.61054420471191
injection_reconstruction: 0.013828277587890625
proto_pollution_detection: 3488.783359527588
proto_pollution_reconstruction: 1631.505012512207
