graph: 3252.758751
import: 1364
injection_detection: 1237.9858493804932
injection_reconstruction: 0.026464462280273438
proto_pollution_detection: 66617.40231513977
proto_pollution_reconstruction: 2468.9416885375977
