graph: 3928.828209
import: 1273
injection_detection: 1505.4378509521484
injection_reconstruction: 0.05316734313964844
proto_pollution_detection: 77632.48634338379
proto_pollution_reconstruction: 2562.2689723968506
