graph: 292.61175
import: 607
injection_detection: 123.92044067382812
injection_reconstruction: 1658.2748889923096
proto_pollution_detection: 415.53783416748047
proto_pollution_reconstruction: 0.020265579223632812
