graph: 271.803875
import: 610
injection_detection: 193.8471794128418
injection_reconstruction: 1876.645803451538
proto_pollution_detection: 486.675500869751
proto_pollution_reconstruction: 0.016689300537109375
