graph: 532.229458
import: 689
injection_detection: 117.9201602935791
injection_reconstruction: 0.016927719116210938
proto_pollution_detection: 791.6812896728516
proto_pollution_reconstruction: 0.018835067749023438
