graph: 527.333542
import: 701
injection_detection: 128.77702713012695
injection_reconstruction: 0.017642974853515625
proto_pollution_detection: 575.0925540924072
proto_pollution_reconstruction: 0.032901763916015625
