graph: 3214.302316
import: 1362
injection_detection: 203.88340950012207
injection_reconstruction: 0.034332275390625
proto_pollution_detection: 1571.908712387085
proto_pollution_reconstruction: 0.020742416381835938
