graph: 138.027125
import: 749
injection_detection: 1350.9941101074219
injection_reconstruction: 0.021696090698242188
proto_pollution_detection: 479.0995121002197
proto_pollution_reconstruction: 0.019311904907226562
