graph: 533.908542
import: 740
injection_detection: 122.8337287902832
injection_reconstruction: 0.018358230590820312
proto_pollution_detection: 972.292423248291
proto_pollution_reconstruction: 0.019073486328125
