graph: 186.176291
import: 749
injection_detection: 1365.8478260040283
injection_reconstruction: 0.01811981201171875
proto_pollution_detection: 630.1937103271484
proto_pollution_reconstruction: 0.044345855712890625
