graph: 133.240667
import: 806
injection_detection: 1298.2559204101562
injection_reconstruction: 0.028133392333984375
proto_pollution_detection: 444.4589614868164
proto_pollution_reconstruction: 0.02956390380859375
