graph: 506.201709
import: 632
injection_detection: 102.90932655334473
injection_reconstruction: 0.0152587890625
proto_pollution_detection: 774.4476795196533
proto_pollution_reconstruction: 0.010967254638671875
