graph: 143.735625
import: 818
injection_detection: 1535.804271697998
injection_reconstruction: 0.024080276489257812
proto_pollution_detection: 464.7977352142334
proto_pollution_reconstruction: 0.025510787963867188
