graph: 247.874505
import: 1535
injection_detection: 2256.230115890503
proto_pollution_detection: 790.6017303466797
