graph: 3275.528632
import: 1240
injection_detection: 203.16767692565918
injection_reconstruction: 6837.327718734741
proto_pollution_detection: 513.3042335510254
proto_pollution_reconstruction: 0.032901763916015625
