graph: 3235.29883
import: 1668
injection_detection: 197.3109245300293
injection_reconstruction: 11394.066333770752
proto_pollution_detection: 503.0355453491211
proto_pollution_reconstruction: 0.03552436828613281
