graph: 678.295
import: 1026
injection_detection: 168.5473918914795
injection_reconstruction: 5454.864978790283
proto_pollution_detection: 401.90887451171875
proto_pollution_reconstruction: 0.015974044799804688
