graph: 3187.611654
import: 2295
injection_detection: 138.71335983276367
injection_reconstruction: 17592.17405319214
proto_pollution_detection: 527.8327465057373
proto_pollution_reconstruction: 0.03790855407714844
