graph: 658.945584
import: 746
injection_detection: 107.5441837310791
injection_reconstruction: 5280.127286911011
proto_pollution_detection: 333.16493034362793
proto_pollution_reconstruction: 0.014781951904296875
