graph: 638.800167
import: 884
injection_detection: 105.47971725463867
injection_reconstruction: 5816.796779632568
proto_pollution_detection: 423.4275817871094
proto_pollution_reconstruction: 0.023365020751953125
