graph: 588.289125
import: 684
injection_detection: 104.09879684448242
injection_reconstruction: 4744.661331176758
proto_pollution_detection: 304.7065734863281
proto_pollution_reconstruction: 0.0171661376953125
