graph: 2823.762364
import: 1146
injection_detection: 456.6915035247803
injection_reconstruction: 402.5130271911621
proto_pollution_detection: 2089.1330242156982
proto_pollution_reconstruction: 0.04076957702636719
