graph: 558.933417
import: 960
injection_detection: 85.27684211730957
injection_reconstruction: 8178.101539611816
proto_pollution_detection: 351.87292098999023
proto_pollution_reconstruction: 0.030279159545898438
