graph: 504.365375
import: 659
injection_detection: 93.32442283630371
injection_reconstruction: 7464.9858474731445
proto_pollution_detection: 296.4506149291992
proto_pollution_reconstruction: 0.016450881958007812
