graph: 231.903084
import: 815
injection_detection: 1441.8599605560303
injection_reconstruction: 55111.703395843506
proto_pollution_detection: 157.11331367492676
proto_pollution_reconstruction: 0.02288818359375
