graph: 314.165556
import: 2015
injection_detection: 2521.324396133423
proto_pollution_detection: 902.1110534667969
