graph: 565.700084
import: 871
injection_detection: 111.65285110473633
injection_reconstruction: 8880.287170410156
proto_pollution_detection: 337.47100830078125
proto_pollution_reconstruction: 0.019311904907226562
