graph: 637.675084
import: 825
injection_detection: 121.58489227294922
injection_reconstruction: 8359.838962554932
proto_pollution_detection: 352.56075859069824
proto_pollution_reconstruction: 0.020503997802734375
