graph: 123.590667
import: 784
injection_detection: 1365.8349514007568
injection_reconstruction: 0.019311904907226562
proto_pollution_detection: 421.92888259887695
proto_pollution_reconstruction: 0.0171661376953125
