graph: 514.56175
import: 677
injection_detection: 124.39608573913574
injection_reconstruction: 0.021696090698242188
proto_pollution_detection: 943.5162544250488
proto_pollution_reconstruction: 0.018358230590820312
