graph: 135.150917
import: 849
injection_detection: 1415.4596328735352
injection_reconstruction: 0.018596649169921875
proto_pollution_detection: 487.8699779510498
proto_pollution_reconstruction: 0.025510787963867188
