graph: 167.762583
import: 917
injection_detection: 1244.7235584259033
injection_reconstruction: 0.08392333984375
proto_pollution_detection: 367.9380416870117
proto_pollution_reconstruction: 0.018596649169921875
