graph: 133.379875
import: 1008
injection_detection: 1440.2351379394531
injection_reconstruction: 0.029802322387695312
proto_pollution_detection: 440.39130210876465
proto_pollution_reconstruction: 0.024557113647460938
