graph: 528.680042
import: 695
injection_detection: 110.5809211730957
injection_reconstruction: 0.019311904907226562
proto_pollution_detection: 568.7527656555176
proto_pollution_reconstruction: 0.025987625122070312
