graph: 520.519709
import: 780
injection_detection: 124.51934814453125
injection_reconstruction: 0.01811981201171875
proto_pollution_detection: 927.8264045715332
proto_pollution_reconstruction: 0.015974044799804688
