graph: 495.268583
import: 667
injection_detection: 101.1509895324707
injection_reconstruction: 0.023603439331054688
proto_pollution_detection: 773.235559463501
proto_pollution_reconstruction: 0.022411346435546875
