graph: 587.984208
import: 793
injection_detection: 100.00753402709961
injection_reconstruction: 6241.468667984009
proto_pollution_detection: 324.1450786590576
proto_pollution_reconstruction: 0.02384185791015625
