graph: 517.15475
import: 696
injection_detection: 95.38888931274414
injection_reconstruction: 4182.551860809326
proto_pollution_detection: 317.352294921875
proto_pollution_reconstruction: 0.021457672119140625
