graph: 160.13575
import: 806
injection_detection: 1328.052282333374
injection_reconstruction: 4116.418123245239
proto_pollution_detection: 136.79981231689453
proto_pollution_reconstruction: 0.015974044799804688
