graph: 148.289382
import: 1383
injection_detection: 2071.5277194976807
proto_pollution_detection: 682.7759742736816
