graph: 460.301959
import: 596
injection_detection: 116.74618721008301
injection_reconstruction: 5289.997577667236
proto_pollution_detection: 358.6397171020508
proto_pollution_reconstruction: 0.018835067749023438
