graph: 582.26575
import: 842
injection_detection: 151.03387832641602
injection_reconstruction: 6241.727590560913
proto_pollution_detection: 337.70155906677246
proto_pollution_reconstruction: 0.03266334533691406
