graph: 2830.364136
import: 1417
injection_detection: 424.2594242095947
injection_reconstruction: 328.596830368042
proto_pollution_detection: 2115.537166595459
proto_pollution_reconstruction: 0.04410743713378906
