graph: 128.904462
import: 1364
injection_detection: 2265.5375003814697
proto_pollution_detection: 905.5037498474121
