graph: 304.763667
import: 999
injection_detection: 1367.2349452972412
injection_reconstruction: 0.018835067749023438
proto_pollution_detection: 586.5583419799805
proto_pollution_reconstruction: 0.02002716064453125
