graph: 3330.675206
import: 2204
injection_detection: 238.62433433532715
injection_reconstruction: 0.033855438232421875
proto_pollution_detection: 1423.3379364013672
proto_pollution_reconstruction: 0.0400543212890625
