graph: 330.22075
import: 1002
injection_detection: 1308.2804679870605
injection_reconstruction: 0.020265579223632812
proto_pollution_detection: 495.7435131072998
proto_pollution_reconstruction: 0.021219253540039062
