graph: 351.100667
import: 1869
injection_detection: 1697.0512866973877
injection_reconstruction: 0.05245208740234375
proto_pollution_detection: 920.2368259429932
proto_pollution_reconstruction: 0.03552436828613281
