graph: 763.767959
import: 808
injection_detection: 92.04769134521484
injection_reconstruction: 0.017881393432617188
proto_pollution_detection: 821.3198184967041
proto_pollution_reconstruction: 0.03147125244140625
