graph: 804.522167
import: 847
injection_detection: 96.64201736450195
injection_reconstruction: 0.0247955322265625
proto_pollution_detection: 898.7421989440918
proto_pollution_reconstruction: 0.025033950805664062
