graph: 798.863542
import: 844
injection_detection: 119.9798583984375
injection_reconstruction: 0.023603439331054688
proto_pollution_detection: 579.4858932495117
proto_pollution_reconstruction: 0.03910064697265625
