graph: 348.530041
import: 1046
injection_detection: 1657.2520732879639
injection_reconstruction: 0.030279159545898438
proto_pollution_detection: 581.641674041748
proto_pollution_reconstruction: 0.018835067749023438
