graph: 715.845167
import: 945
injection_detection: 93.29700469970703
injection_reconstruction: 0.042438507080078125
proto_pollution_detection: 776.5231132507324
proto_pollution_reconstruction: 0.023365020751953125
