graph: 432.123209
import: 600
injection_detection: 107.31863975524902
injection_reconstruction: 5297.096252441406
proto_pollution_detection: 283.15138816833496
proto_pollution_reconstruction: 0.019550323486328125
