graph: 467.83025
import: 636
injection_detection: 120.17822265625
injection_reconstruction: 3976.494073867798
proto_pollution_detection: 363.63935470581055
proto_pollution_reconstruction: 0.018596649169921875
