graph: 122.673834
import: 805
injection_detection: 1650.991678237915
injection_reconstruction: 8464.603900909424
proto_pollution_detection: 279.4351577758789
proto_pollution_reconstruction: 0.026226043701171875
