graph: 438.318834
import: 700
injection_detection: 128.8924217224121
injection_reconstruction: 4768.491268157959
proto_pollution_detection: 288.78188133239746
proto_pollution_reconstruction: 0.01621246337890625
