graph: 112298.268676
import: 2165
injection_detection: 1392.5161361694336
injection_reconstruction: 4413.110733032227
