graph: 112216.671051
import: 3149
injection_detection: 2047.44553565979
injection_reconstruction: 7155.75098991394
