graph: 225968.259769
import: 1864
injection_detection: 88.09137344360352
injection_reconstruction: 3786.226272583008
proto_pollution_detection: 818.6447620391846
proto_pollution_reconstruction: 573.5223293304443
