graph: 222851.18081
import: 1779
injection_detection: 89.01381492614746

Timed out
