graph: 221179.128266
import: 1477
injection_detection: 90.42930603027344

Timed out
