graph: 3072.266566
import: 1477
injection_detection: 443.0382251739502
injection_reconstruction: 7783.6713790893555
proto_pollution_detection: 616.2745952606201
proto_pollution_reconstruction: 0.03361701965332031
