graph: 150.723458
import: 829
injection_detection: 1228.2884120941162
injection_reconstruction: 3220.669984817505
proto_pollution_detection: 126.0223388671875
proto_pollution_reconstruction: 0.017881393432617188
