graph: 475.127708
import: 614
injection_detection: 202.06093788146973
injection_reconstruction: 2635.3495121002197
proto_pollution_detection: 438.5392665863037
proto_pollution_reconstruction: 0.017404556274414062
