graph: 509.996584
import: 798
injection_detection: 218.72687339782715
injection_reconstruction: 2625.7715225219727
proto_pollution_detection: 434.0324401855469
proto_pollution_reconstruction: 0.018835067749023438
