graph: 573.787501
import: 677
injection_detection: 225.21495819091797
injection_reconstruction: 2563.730239868164
proto_pollution_detection: 473.8640785217285
proto_pollution_reconstruction: 0.017881393432617188
