graph: 135.541917
import: 790
injection_detection: 1247.9467391967773
injection_reconstruction: 3328.110933303833
proto_pollution_detection: 145.63798904418945
proto_pollution_reconstruction: 0.021696090698242188
