graph: 465.148542
import: 654
injection_detection: 106.80484771728516
injection_reconstruction: 2112.3485565185547
proto_pollution_detection: 380.34868240356445
proto_pollution_reconstruction: 0.020265579223632812
