graph: 584.339376
import: 736
injection_detection: 207.74531364440918
injection_reconstruction: 2596.3308811187744
proto_pollution_detection: 457.12828636169434
proto_pollution_reconstruction: 0.01621246337890625
