graph: 467.218375
import: 870
injection_detection: 1425.23193359375
injection_reconstruction: 3645.7998752593994
proto_pollution_detection: 142.2882080078125
proto_pollution_reconstruction: 0.029802322387695312
