graph: 591.322126
import: 940
injection_detection: 1942.1255588531494
injection_reconstruction: 4362.027168273926
proto_pollution_detection: 157.16099739074707
proto_pollution_reconstruction: 0.0209808349609375
