graph: 2771.603713
import: 1379
injection_detection: 247.68471717834473
injection_reconstruction: 6767.291784286499
proto_pollution_detection: 535.9454154968262
proto_pollution_reconstruction: 0.031232833862304688
