graph: 2846.996909
import: 1228
injection_detection: 256.7911148071289
injection_reconstruction: 10695.648908615112
proto_pollution_detection: 515.618085861206
proto_pollution_reconstruction: 0.019788742065429688
