graph: 347.336875
import: 639
injection_detection: 114.98212814331055
injection_reconstruction: 3792.025566101074
proto_pollution_detection: 330.11651039123535
proto_pollution_reconstruction: 0.018596649169921875
