graph: 6551.503962
import: 1351
injection_detection: 97.70703315734863
injection_reconstruction: 7561.447858810425
proto_pollution_detection: 420.52531242370605
proto_pollution_reconstruction: 0.027894973754882812
