graph: 6375.970378
import: 1158
injection_detection: 120.60379981994629
injection_reconstruction: 6156.5282344818115
proto_pollution_detection: 355.3423881530762
proto_pollution_reconstruction: 0.023365020751953125
