graph: 6408.304086
import: 1151
injection_detection: 125.44560432434082
injection_reconstruction: 5386.428594589233
proto_pollution_detection: 300.90856552124023
proto_pollution_reconstruction: 0.017881393432617188
