graph: 6662.719712
import: 1185
injection_detection: 109.63273048400879
injection_reconstruction: 6159.59358215332
proto_pollution_detection: 311.3892078399658
proto_pollution_reconstruction: 0.0247955322265625
