graph: 739.699292
import: 720
injection_detection: 93.53899955749512
injection_reconstruction: 0.025510787963867188
proto_pollution_detection: 891.1914825439453
proto_pollution_reconstruction: 0.020265579223632812
