graph: 676.739417
import: 690
injection_detection: 93.15800666809082
injection_reconstruction: 0.025033950805664062
proto_pollution_detection: 752.9909610748291
proto_pollution_reconstruction: 0.018358230590820312
