graph: 208.843459
import: 744
injection_detection: 1178.9822578430176
