graph: 5386.024586
import: 1022
injection_detection: 1483.2851886749268
