graph: 5662.042545
import: 1007
injection_detection: 1369.1661357879639
