graph: 660.416959
import: 652
injection_detection: 82.1533203125
injection_reconstruction: 0.01430511474609375
proto_pollution_detection: 458.84132385253906
proto_pollution_reconstruction: 0.015020370483398438
