graph: 673.489584
import: 732
injection_detection: 91.24302864074707
injection_reconstruction: 0.016450881958007812
proto_pollution_detection: 727.545976638794
proto_pollution_reconstruction: 0.030517578125
