graph: 87.054885
import: 1031
injection_detection: 2011.9404792785645
proto_pollution_detection: 595.282793045044
