graph: 2774.389598
import: 1238
injection_detection: 391.53194427490234
injection_reconstruction: 2333.265781402588
proto_pollution_detection: 711.5802764892578
proto_pollution_reconstruction: 0.03218650817871094
