graph: 479.856126
import: 666
injection_detection: 218.57213973999023
injection_reconstruction: 4558.539390563965
proto_pollution_detection: 379.58264350891113
proto_pollution_reconstruction: 0.02384185791015625
