graph: 520.963917
import: 652
injection_detection: 197.51834869384766
injection_reconstruction: 4377.722501754761
proto_pollution_detection: 317.52681732177734
proto_pollution_reconstruction: 0.024557113647460938
