graph: 529.081208
import: 660
injection_detection: 206.29644393920898
injection_reconstruction: 4897.32027053833
proto_pollution_detection: 401.1991024017334
proto_pollution_reconstruction: 0.0152587890625
