graph: 419.921292
import: 592
injection_detection: 102.51879692077637
injection_reconstruction: 3863.3577823638916
proto_pollution_detection: 323.6408233642578
proto_pollution_reconstruction: 0.0171661376953125
