graph: 221.298833
import: 818
injection_detection: 1248.131275177002
injection_reconstruction: 0.017404556274414062
proto_pollution_detection: 1053.8337230682373
proto_pollution_reconstruction: 6662.281036376953
