graph: 513.409584
import: 790
injection_detection: 91.03775024414062
injection_reconstruction: 0.0171661376953125
proto_pollution_detection: 1027.1923542022705
proto_pollution_reconstruction: 6338.777780532837
