graph: 462.637876
import: 670
injection_detection: 93.6431884765625
injection_reconstruction: 0.017642974853515625
proto_pollution_detection: 785.7372760772705
proto_pollution_reconstruction: 6072.567701339722
