graph: 238.870693
import: 1576
injection_detection: 2017.2696113586426
proto_pollution_detection: 1637.7754211425781
