graph: 269.747292
import: 735
injection_detection: 202.52490043640137
injection_reconstruction: 4162.65344619751
proto_pollution_detection: 364.8695945739746
proto_pollution_reconstruction: 0.017404556274414062
