graph: 2810.061893
import: 1356
injection_detection: 519.3135738372803
injection_reconstruction: 335.43920516967773
proto_pollution_detection: 2014.9543285369873
proto_pollution_reconstruction: 0.04458427429199219
