graph: 2898.612377
import: 1386
injection_detection: 440.49882888793945
injection_reconstruction: 374.2837905883789
proto_pollution_detection: 2085.0517749786377
proto_pollution_reconstruction: 0.039577484130859375
