graph: 125.869986
import: 1202
injection_detection: 2357.0423126220703
proto_pollution_detection: 884.9742412567139
