graph: 92.080621
import: 1223
injection_detection: 2006.239652633667
proto_pollution_detection: 589.2326831817627
