graph: 558.220542
import: 620
injection_detection: 108.58702659606934
injection_reconstruction: 5488.436222076416
proto_pollution_detection: 329.298734664917
proto_pollution_reconstruction: 0.020265579223632812
