graph: 3534.886558
import: 1685
injection_detection: 167.07515716552734
injection_reconstruction: 13171.149015426636
proto_pollution_detection: 1025.5789756774902
proto_pollution_reconstruction: 0.03790855407714844
