graph: 272.182897
import: 1466
injection_detection: 2405.1601886749268
proto_pollution_detection: 907.2027206420898
