graph: 571.67225
import: 756
injection_detection: 97.4874496459961
injection_reconstruction: 5209.630489349365
proto_pollution_detection: 281.75902366638184
proto_pollution_reconstruction: 0.0171661376953125
