graph: 521.445833
import: 737
injection_detection: 102.28466987609863
injection_reconstruction: 4873.641729354858
proto_pollution_detection: 384.02390480041504
proto_pollution_reconstruction: 0.0553131103515625
