graph: 185.560568
import: 1373
injection_detection: 2208.193063735962
proto_pollution_detection: 618.9393997192383
