graph: 573.542417
import: 702
injection_detection: 98.76894950866699
injection_reconstruction: 5586.274147033691
proto_pollution_detection: 367.2671318054199
proto_pollution_reconstruction: 0.025272369384765625
