graph: 2934.50846
import: 1508
injection_detection: 441.9717788696289
injection_reconstruction: 11028.071880340576
proto_pollution_detection: 982.4857711791992
proto_pollution_reconstruction: 0.03886222839355469
