graph: 2991.372592
import: 1237
injection_detection: 422.61743545532227
injection_reconstruction: 12329.348802566528
proto_pollution_detection: 983.161449432373
proto_pollution_reconstruction: 0.04029273986816406
