graph: 126.508153
import: 1141
injection_detection: 1460.1483345031738
proto_pollution_detection: 427.1526336669922
