graph: 130.129334
import: 782
injection_detection: 1183.53271484375
injection_reconstruction: 0.0152587890625
proto_pollution_detection: 458.56738090515137
proto_pollution_reconstruction: 0.03528594970703125
