graph: 362.396625
import: 699
injection_detection: 105.72576522827148
injection_reconstruction: 0.10704994201660156
proto_pollution_detection: 838.7641906738281
proto_pollution_reconstruction: 0.05030632019042969
