graph: 132.571542
import: 772
injection_detection: 1355.5421829223633
injection_reconstruction: 0.019550323486328125
proto_pollution_detection: 420.70531845092773
proto_pollution_reconstruction: 0.021457672119140625
