graph: 331.244292
import: 644
injection_detection: 95.40915489196777
injection_reconstruction: 0.01811981201171875
proto_pollution_detection: 764.1904354095459
proto_pollution_reconstruction: 0.0171661376953125
