graph: 181.417339
import: 1255
injection_detection: 2352.4351119995117
proto_pollution_detection: 1003.5035610198975
