graph: 321.027292
import: 583
injection_detection: 134.08899307250977
injection_reconstruction: 0.03933906555175781
proto_pollution_detection: 489.1178607940674
proto_pollution_reconstruction: 0.029802322387695312
