graph: 341.13675
import: 598
injection_detection: 96.45390510559082
injection_reconstruction: 0.017404556274414062
proto_pollution_detection: 731.8763732910156
proto_pollution_reconstruction: 0.018596649169921875
