graph: 128.574792
import: 828
injection_detection: 1415.719985961914
injection_reconstruction: 0.019788742065429688
proto_pollution_detection: 1094.0420627593994
proto_pollution_reconstruction: 121986.51146888733
