graph: 385.642166
import: 665
injection_detection: 150.76279640197754
injection_reconstruction: 0.025510787963867188
proto_pollution_detection: 1491.9159412384033
proto_pollution_reconstruction: 4795.3996658325195
