graph: 393.781292
import: 704
injection_detection: 122.71356582641602
injection_reconstruction: 0.023365020751953125
proto_pollution_detection: 1194.6125030517578
proto_pollution_reconstruction: 6022.882699966431
