graph: 431.208501
import: 785
injection_detection: 179.42428588867188
injection_reconstruction: 0.02765655517578125
proto_pollution_detection: 1672.1084117889404
proto_pollution_reconstruction: 5951.686382293701
