graph: 119.397292
import: 777
injection_detection: 1292.1802997589111
injection_reconstruction: 0.018358230590820312
proto_pollution_detection: 1031.3377380371094
proto_pollution_reconstruction: 121645.15233039856
