graph: 140.801625
import: 755
injection_detection: 1302.393913269043
injection_reconstruction: 0.0209808349609375
proto_pollution_detection: 1404.006004333496
proto_pollution_reconstruction: 28641.454935073853
