graph: 463.254
import: 647
injection_detection: 152.65393257141113
injection_reconstruction: 0.02193450927734375
proto_pollution_detection: 1404.1004180908203
proto_pollution_reconstruction: 4706.324577331543
