graph: 187.284208
import: 898
injection_detection: 1296.332597732544
injection_reconstruction: 0.021219253540039062
proto_pollution_detection: 1214.0614986419678
proto_pollution_reconstruction: 187208.69827270508
