graph: 133.673667
import: 763
injection_detection: 1146.472454071045
injection_reconstruction: 0.050067901611328125
proto_pollution_detection: 1270.3003883361816
proto_pollution_reconstruction: 4047.774076461792
