graph: 177.279417
import: 889
injection_detection: 1648.0145454406738
injection_reconstruction: 0.018596649169921875
proto_pollution_detection: 967.9017066955566
proto_pollution_reconstruction: 3990.8676147460938
