graph: 3005.30211
import: 1442
injection_detection: 130.06329536437988
injection_reconstruction: 0.032901763916015625
proto_pollution_detection: 1651.5371799468994
proto_pollution_reconstruction: 9887.1488571167
