graph: 445.777292
import: 757
injection_detection: 93.9018726348877
injection_reconstruction: 0.024080276489257812
proto_pollution_detection: 1355.9646606445312
proto_pollution_reconstruction: 4404.401063919067
