graph: 182.551873
import: 1335
injection_detection: 1995.718240737915
proto_pollution_detection: 1276.4859199523926
