graph: 425.728834
import: 710
injection_detection: 118.4380054473877
injection_reconstruction: 0.02574920654296875
proto_pollution_detection: 1094.6199893951416
proto_pollution_reconstruction: 4100.7444858551025
