graph: 371.925875
import: 626
injection_detection: 98.03199768066406
injection_reconstruction: 0.018835067749023438
proto_pollution_detection: 628.3349990844727
proto_pollution_reconstruction: 3780.0076007843018
