graph: 184.327208
import: 946
injection_detection: 1410.2909564971924
injection_reconstruction: 0.018358230590820312
proto_pollution_detection: 981.9116592407227
proto_pollution_reconstruction: 4448.7175941467285
