graph: 427.686292
import: 697
injection_detection: 88.11306953430176
injection_reconstruction: 0.018358230590820312
proto_pollution_detection: 928.5967350006104
proto_pollution_reconstruction: 3840.4664993286133
