graph: 279.749584
import: 602
injection_detection: 123.74591827392578
injection_reconstruction: 1273.6506462097168
proto_pollution_detection: 484.3177795410156
proto_pollution_reconstruction: 0.018358230590820312
