graph: 2897.186273
import: 1268
injection_detection: 441.0877227783203
injection_reconstruction: 2596.217632293701
proto_pollution_detection: 656.1362743377686
proto_pollution_reconstruction: 0.03409385681152344
