graph: 287.225042
import: 597
injection_detection: 196.26951217651367
injection_reconstruction: 1484.23171043396
proto_pollution_detection: 483.2792282104492
proto_pollution_reconstruction: 0.020265579223632812
