graph: 311.63825
import: 578
injection_detection: 191.07770919799805
injection_reconstruction: 1483.2937717437744
proto_pollution_detection: 485.4300022125244
proto_pollution_reconstruction: 0.0171661376953125
