graph: 2901.69435
import: 1372
injection_detection: 230.51142692565918
injection_reconstruction: 5352.903842926025
proto_pollution_detection: 557.6698780059814
proto_pollution_reconstruction: 0.03314018249511719
