graph: 457.848875
import: 592
injection_detection: 95.64423561096191
injection_reconstruction: 1680.6912422180176
proto_pollution_detection: 446.2463855743408
proto_pollution_reconstruction: 0.0247955322265625
