graph: 417.340583
import: 646
injection_detection: 112.90764808654785
injection_reconstruction: 1880.0606727600098
proto_pollution_detection: 456.42614364624023
proto_pollution_reconstruction: 0.015974044799804688
