graph: 488.991583
import: 645
injection_detection: 117.6145076751709
injection_reconstruction: 2117.541551589966
proto_pollution_detection: 457.8676223754883
proto_pollution_reconstruction: 0.024080276489257812
