graph: 423.6415
import: 604
injection_detection: 106.03094100952148
injection_reconstruction: 1436.2268447875977
proto_pollution_detection: 371.33264541625977
proto_pollution_reconstruction: 0.0209808349609375
