graph: 156.843802
import: 1726
injection_detection: 2051.717758178711
proto_pollution_detection: 472.96595573425293
