graph: 627.472417
import: 755
injection_detection: 205.60002326965332
injection_reconstruction: 4139.504671096802
proto_pollution_detection: 330.6005001068115
proto_pollution_reconstruction: 0.022649765014648438
