graph: 580.975916
import: 682
injection_detection: 195.34778594970703
injection_reconstruction: 5042.193412780762
proto_pollution_detection: 328.8881778717041
proto_pollution_reconstruction: 0.023603439331054688
