graph: 192.690291
import: 893
injection_detection: 1819.9710845947266
injection_reconstruction: 3916.2757396698
proto_pollution_detection: 270.14923095703125
proto_pollution_reconstruction: 0.042438507080078125
