graph: 476.161875
import: 648
injection_detection: 118.45111846923828
injection_reconstruction: 4249.561548233032
proto_pollution_detection: 302.5469779968262
proto_pollution_reconstruction: 0.022649765014648438
