graph: 349.78125
import: 1045
injection_detection: 1741.999626159668
injection_reconstruction: 8202.504396438599
proto_pollution_detection: 235.73040962219238
proto_pollution_reconstruction: 0.21195411682128906
