graph: 545.269792
import: 662
injection_detection: 200.8223533630371
injection_reconstruction: 4864.9468421936035
proto_pollution_detection: 314.78166580200195
proto_pollution_reconstruction: 0.016450881958007812
