graph: 360.816541
import: 1189
injection_detection: 1663.4838581085205
injection_reconstruction: 6887.773275375366
proto_pollution_detection: 120.9707260131836
proto_pollution_reconstruction: 0.020265579223632812
