graph: 596.482417
import: 1316
injection_detection: 1347.0842838287354
injection_reconstruction: 2768.9943313598633
proto_pollution_detection: 123.63314628601074
proto_pollution_reconstruction: 0.021219253540039062
