graph: 558.153833
import: 721
injection_detection: 227.7240753173828
injection_reconstruction: 4914.651393890381
proto_pollution_detection: 365.25416374206543
proto_pollution_reconstruction: 0.017881393432617188
