graph: 182.397834
import: 936
injection_detection: 1374.7053146362305
injection_reconstruction: 0.031948089599609375
proto_pollution_detection: 3131.9830417633057

Timed out
