graph: 180.290417
import: 959
injection_detection: 1354.5279502868652
injection_reconstruction: 0.017642974853515625
proto_pollution_detection: 2900.141716003418
