graph: 595.582876
import: 671
injection_detection: 106.38093948364258
injection_reconstruction: 0.015974044799804688
proto_pollution_detection: 1081.1965465545654
proto_pollution_reconstruction: 3488.7783527374268
