graph: 188.986957
import: 768
injection_detection: 1543.5335636138916
injection_reconstruction: 0.030279159545898438
proto_pollution_detection: 2894.545793533325
proto_pollution_reconstruction: 37922.89590835571
