graph: 125.550792
import: 670
injection_detection: 1204.7793865203857
injection_reconstruction: 0.028133392333984375
proto_pollution_detection: 2357.4438095092773

Timed out
