graph: 604.757708
import: 821
injection_detection: 122.2524642944336
injection_reconstruction: 0.02193450927734375
proto_pollution_detection: 829.164981842041
proto_pollution_reconstruction: 4314.745903015137
