graph: 579.573125
import: 798
injection_detection: 100.01707077026367
injection_reconstruction: 0.02002716064453125
proto_pollution_detection: 989.6001815795898
proto_pollution_reconstruction: 4172.493934631348
