graph: 627.054667
import: 784
injection_detection: 103.86538505554199
injection_reconstruction: 0.018358230590820312
proto_pollution_detection: 1160.336971282959
proto_pollution_reconstruction: 4373.284816741943
