graph: 157.812833
import: 788
injection_detection: 1173.7325191497803
injection_reconstruction: 0.051975250244140625
proto_pollution_detection: 2726.6979217529297
