graph: 111.088666
import: 824
injection_detection: 1357.1562767028809
injection_reconstruction: 0.021219253540039062
proto_pollution_detection: 474.3385314941406
proto_pollution_reconstruction: 0.02288818359375
