graph: 134.738875
import: 1025
injection_detection: 1662.5094413757324
injection_reconstruction: 0.06937980651855469
proto_pollution_detection: 529.35791015625
proto_pollution_reconstruction: 0.01811981201171875
