graph: 143.190823
import: 1198
injection_detection: 2070.826530456543
proto_pollution_detection: 762.1541023254395
