graph: 264.536208
import: 571
injection_detection: 90.95001220703125
injection_reconstruction: 0.017881393432617188
proto_pollution_detection: 497.5767135620117
proto_pollution_reconstruction: 0.026464462280273438
