graph: 91.659708
import: 604
injection_detection: 1103.8777828216553
injection_reconstruction: 0.02765655517578125
proto_pollution_detection: 559.5705509185791
proto_pollution_reconstruction: 0.06222724914550781
