graph: 298.430875
import: 721
injection_detection: 361.59443855285645
injection_reconstruction: 0.027179718017578125
proto_pollution_detection: 2094.6853160858154
proto_pollution_reconstruction: 0.10132789611816406
