graph: 311.650125
import: 601
injection_detection: 249.70674514770508
injection_reconstruction: 0.026941299438476562
proto_pollution_detection: 879.8556327819824
proto_pollution_reconstruction: 0.038623809814453125
