graph: 333.249541
import: 652
injection_detection: 256.88648223876953
injection_reconstruction: 0.018835067749023438
proto_pollution_detection: 881.3843727111816
proto_pollution_reconstruction: 0.028848648071289062
