graph: 113.410291
import: 1118
injection_detection: 1357.3064804077148
injection_reconstruction: 0.027418136596679688
proto_pollution_detection: 978.5592555999756
proto_pollution_reconstruction: 2047.745704650879
