graph: 3095.780607
import: 1200
injection_detection: 175.77672004699707
injection_reconstruction: 0.03314018249511719
proto_pollution_detection: 2264.592409133911
proto_pollution_reconstruction: 2443.7286853790283
