graph: 135.344792
import: 1094
injection_detection: 1610.3663444519043
injection_reconstruction: 0.027179718017578125
proto_pollution_detection: 976.3884544372559
proto_pollution_reconstruction: 2349.4906425476074
