graph: 502.498042
import: 754
injection_detection: 126.54995918273926
injection_reconstruction: 0.018835067749023438
proto_pollution_detection: 1256.6394805908203
proto_pollution_reconstruction: 1553.3645153045654
