graph: 473.784459
import: 674
injection_detection: 156.2325954437256
injection_reconstruction: 0.018596649169921875
proto_pollution_detection: 834.7148895263672
proto_pollution_reconstruction: 1324.995994567871
