graph: 457.716042
import: 628
injection_detection: 101.94087028503418
injection_reconstruction: 0.021219253540039062
proto_pollution_detection: 1049.7915744781494
proto_pollution_reconstruction: 1225.8355617523193
