graph: 112.151625
import: 827
injection_detection: 1311.9804859161377
injection_reconstruction: 0.019550323486328125
proto_pollution_detection: 852.7169227600098
proto_pollution_reconstruction: 1829.972267150879
