graph: 129.927334
import: 863
injection_detection: 1542.578935623169
injection_reconstruction: 0.029802322387695312
proto_pollution_detection: 957.3779106140137
proto_pollution_reconstruction: 1969.7551727294922
