graph: 493.715084
import: 627
injection_detection: 114.10689353942871
injection_reconstruction: 0.015497207641601562
proto_pollution_detection: 1113.4428977966309
proto_pollution_reconstruction: 1311.887502670288
