graph: 606.616166
import: 729
injection_detection: 99.42221641540527
injection_reconstruction: 4963.321685791016
proto_pollution_detection: 332.2715759277344
proto_pollution_reconstruction: 0.03695487976074219
