graph: 171.195042
import: 669
injection_detection: 1201.3509273529053
injection_reconstruction: 3422.405242919922
proto_pollution_detection: 129.67944145202637
proto_pollution_reconstruction: 0.04291534423828125
