graph: 178.277501
import: 832
injection_detection: 1373.3255863189697
injection_reconstruction: 4889.350414276123
proto_pollution_detection: 157.4714183807373
proto_pollution_reconstruction: 0.020742416381835938
