graph: 567.813417
import: 868
injection_detection: 129.4715404510498
injection_reconstruction: 4012.57586479187
proto_pollution_detection: 362.8864288330078
proto_pollution_reconstruction: 0.0171661376953125
