graph: 551.197542
import: 785
injection_detection: 101.04846954345703
injection_reconstruction: 4722.947120666504
proto_pollution_detection: 359.00306701660156
proto_pollution_reconstruction: 0.019550323486328125
