graph: 149.777333
import: 967
injection_detection: 1443.3765411376953
injection_reconstruction: 3644.329071044922
proto_pollution_detection: 128.07822227478027
proto_pollution_reconstruction: 0.024557113647460938
