graph: 492.814208
import: 683
injection_detection: 98.37651252746582
injection_reconstruction: 4405.885696411133
proto_pollution_detection: 329.5905590057373
proto_pollution_reconstruction: 0.023603439331054688
