graph: 598.678208
import: 735
injection_detection: 112.38288879394531
injection_reconstruction: 4478.350877761841
proto_pollution_detection: 455.0819396972656
proto_pollution_reconstruction: 0.018835067749023438
