graph: 204.046333
import: 908
injection_detection: 1517.4806118011475
injection_reconstruction: 4808.855295181274
proto_pollution_detection: 199.98931884765625
proto_pollution_reconstruction: 0.041961669921875
