graph: 3208.415929
import: 1535
injection_detection: 208.08053016662598
injection_reconstruction: 17308.472394943237
proto_pollution_detection: 759.6845626831055
proto_pollution_reconstruction: 0.03695487976074219
