graph: 3085.535195
import: 1250
injection_detection: 343.4431552886963
injection_reconstruction: 6772.280216217041
proto_pollution_detection: 539.5421981811523
proto_pollution_reconstruction: 0.03170967102050781
