graph: 150.369345
import: 1341
injection_detection: 1746.1817264556885
proto_pollution_detection: 585.2706432342529
