graph: 3155.299836
import: 1510
injection_detection: 422.12915420532227
injection_reconstruction: 11686.131954193115
proto_pollution_detection: 1105.0872802734375
proto_pollution_reconstruction: 0.0457763671875
