graph: 2974.590491
import: 1352
injection_detection: 467.05079078674316
injection_reconstruction: 7852.709054946899
proto_pollution_detection: 562.6735687255859
proto_pollution_reconstruction: 0.03337860107421875
