graph: 3130.53331
import: 1492
injection_detection: 252.5653839111328
injection_reconstruction: 8044.154167175293
proto_pollution_detection: 558.9566230773926
proto_pollution_reconstruction: 0.036716461181640625
