graph: 179.962715
import: 1175
injection_detection: 1843.6815738677979
proto_pollution_detection: 543.2984828948975
