graph: 473.668125
import: 793
injection_detection: 224.35784339904785
injection_reconstruction: 3133.0175399780273
proto_pollution_detection: 513.124942779541
proto_pollution_reconstruction: 0.017404556274414062
