graph: 228.063473
import: 1429
injection_detection: 2261.4128589630127
proto_pollution_detection: 1005.4988861083984
