graph: 401.686958
import: 641
injection_detection: 112.5178337097168
injection_reconstruction: 2215.2645587921143
proto_pollution_detection: 396.3041305541992
proto_pollution_reconstruction: 0.017404556274414062
