graph: 398.49325
import: 633
injection_detection: 230.61823844909668
injection_reconstruction: 3315.9637451171875
proto_pollution_detection: 536.229133605957
proto_pollution_reconstruction: 0.025272369384765625
