graph: 457.983625
import: 826
injection_detection: 215.714693069458
injection_reconstruction: 2954.8256397247314
proto_pollution_detection: 499.10593032836914
proto_pollution_reconstruction: 0.020742416381835938
