graph: 430.39
import: 658
injection_detection: 155.9617519378662
injection_reconstruction: 0.0209808349609375
proto_pollution_detection: 1753.3299922943115
proto_pollution_reconstruction: 4851.864814758301
