graph: 134.1785
import: 968
injection_detection: 1536.7600917816162
injection_reconstruction: 0.02956390380859375
proto_pollution_detection: 1340.1565551757812
