graph: 382.715833
import: 699
injection_detection: 165.9543514251709
injection_reconstruction: 0.033855438232421875
proto_pollution_detection: 1564.2530918121338
proto_pollution_reconstruction: 4800.597906112671
