graph: 401.088958
import: 716
injection_detection: 125.87332725524902
injection_reconstruction: 0.018596649169921875
proto_pollution_detection: 1150.571584701538
proto_pollution_reconstruction: 5633.21328163147
