graph: 383.892459
import: 808
injection_detection: 171.78010940551758
injection_reconstruction: 0.019788742065429688
proto_pollution_detection: 1628.0343532562256
proto_pollution_reconstruction: 5696.635007858276
