graph: 253.101458
import: 927
injection_detection: 1356.703758239746
injection_reconstruction: 0.028133392333984375
proto_pollution_detection: 983.2310676574707
proto_pollution_reconstruction: 3236.6185188293457
