graph: 676.11075
import: 950
injection_detection: 105.17215728759766
injection_reconstruction: 0.029325485229492188
proto_pollution_detection: 1207.6008319854736
proto_pollution_reconstruction: 2624.3207454681396
