graph: 256.140958
import: 976
injection_detection: 1356.1606407165527
injection_reconstruction: 0.023365020751953125
proto_pollution_detection: 966.8612480163574
proto_pollution_reconstruction: 3617.7127361297607
