graph: 411.018542
import: 1136
injection_detection: 1658.435344696045
injection_reconstruction: 0.024557113647460938
proto_pollution_detection: 1141.8724060058594
proto_pollution_reconstruction: 4121.3698387146
