graph: 353.633333
import: 967
injection_detection: 1378.5417079925537
injection_reconstruction: 0.01811981201171875
proto_pollution_detection: 988.5883331298828
proto_pollution_reconstruction: 3655.130386352539
