graph: 596.9115
import: 778
injection_detection: 108.17646980285645
injection_reconstruction: 0.025272369384765625
proto_pollution_detection: 1277.7972221374512
proto_pollution_reconstruction: 2281.1548709869385
