graph: 992.781
import: 893
injection_detection: 98.69050979614258
injection_reconstruction: 2251.8954277038574
proto_pollution_detection: 507.6620578765869
proto_pollution_reconstruction: 0.025987625122070312
