graph: 576.736667
import: 1286
injection_detection: 1698.3458995819092
injection_reconstruction: 3307.868480682373
proto_pollution_detection: 173.1398105621338
proto_pollution_reconstruction: 0.019550323486328125
