graph: 947.430459
import: 1049
injection_detection: 87.47696876525879
injection_reconstruction: 1957.4968814849854
proto_pollution_detection: 428.74932289123535
proto_pollution_reconstruction: 0.015974044799804688
