graph: 852.346584
import: 797
injection_detection: 128.89575958251953
injection_reconstruction: 1575.683832168579
proto_pollution_detection: 409.9841117858887
proto_pollution_reconstruction: 0.02002716064453125
