graph: 469.187708
import: 1036
injection_detection: 1364.7751808166504
injection_reconstruction: 2599.2720127105713
proto_pollution_detection: 199.35369491577148
proto_pollution_reconstruction: 0.022172927856445312
