graph: 987.539917
import: 860
injection_detection: 158.68258476257324
injection_reconstruction: 2973.984956741333
proto_pollution_detection: 617.3770427703857
proto_pollution_reconstruction: 0.020742416381835938
