graph: 411.20175
import: 602
injection_detection: 92.5600528717041
injection_reconstruction: 0.01811981201171875
proto_pollution_detection: 839.6003246307373
proto_pollution_reconstruction: 0.015735626220703125
