graph: 475.320626
import: 661
injection_detection: 100.02613067626953
injection_reconstruction: 0.016927719116210938
proto_pollution_detection: 1336.5044593811035
proto_pollution_reconstruction: 0.016689300537109375
