graph: 118.144333
import: 784
injection_detection: 1442.9996013641357
injection_reconstruction: 0.019788742065429688
proto_pollution_detection: 908.348560333252
proto_pollution_reconstruction: 0.0171661376953125
