graph: 106.149875
import: 1036
injection_detection: 1318.6194896697998
injection_reconstruction: 0.030279159545898438
proto_pollution_detection: 713.6390209197998
proto_pollution_reconstruction: 0.025510787963867188
