graph: 169.060389
import: 1444
injection_detection: 2085.236072540283
proto_pollution_detection: 806.1280250549316
