graph: 131.999792
import: 805
injection_detection: 1577.7900218963623
injection_reconstruction: 0.03981590270996094
proto_pollution_detection: 1136.6512775421143
proto_pollution_reconstruction: 0.032901763916015625
