graph: 412.243458
import: 640
injection_detection: 103.25765609741211
injection_reconstruction: 0.015497207641601562
proto_pollution_detection: 1217.9934978485107
proto_pollution_reconstruction: 0.01811981201171875
