graph: 456.495541
import: 622
injection_detection: 99.66635704040527
injection_reconstruction: 0.015497207641601562
proto_pollution_detection: 1102.977991104126
proto_pollution_reconstruction: 0.01621246337890625
