graph: 519.418959
import: 721
injection_detection: 136.51347160339355
injection_reconstruction: 0.03361701965332031
proto_pollution_detection: 926.7277717590332
proto_pollution_reconstruction: 0.03552436828613281
