graph: 121.156167
import: 678
injection_detection: 1161.7870330810547
injection_reconstruction: 0.015020370483398438
proto_pollution_detection: 402.38451957702637
proto_pollution_reconstruction: 0.019788742065429688
