graph: 152.128334
import: 962
injection_detection: 1848.036289215088
injection_reconstruction: 0.04482269287109375
proto_pollution_detection: 553.6239147186279
proto_pollution_reconstruction: 0.019073486328125
