graph: 478.333792
import: 691
injection_detection: 114.39061164855957
injection_reconstruction: 0.018596649169921875
proto_pollution_detection: 824.8991966247559
proto_pollution_reconstruction: 0.02193450927734375
