graph: 422.221
import: 608
injection_detection: 145.66755294799805
injection_reconstruction: 0.015497207641601562
proto_pollution_detection: 457.00716972351074
proto_pollution_reconstruction: 0.016927719116210938
