graph: 477.282334
import: 613
injection_detection: 94.66910362243652
injection_reconstruction: 0.015974044799804688
proto_pollution_detection: 756.645917892456
proto_pollution_reconstruction: 0.021457672119140625
