graph: 366.071667
import: 610
injection_detection: 88.07778358459473
injection_reconstruction: 0.021457672119140625
proto_pollution_detection: 684.6413612365723
proto_pollution_reconstruction: 1889.2273902893066
