graph: 390.613917
import: 838
injection_detection: 76.68113708496094
injection_reconstruction: 0.01811981201171875
proto_pollution_detection: 979.9098968505859
proto_pollution_reconstruction: 2027.1496772766113
