graph: 494.172875
import: 1035
injection_detection: 1689.5811557769775
injection_reconstruction: 0.10466575622558594
proto_pollution_detection: 1316.0109519958496
proto_pollution_reconstruction: 3176.4583587646484
