graph: 158.905666
import: 838
injection_detection: 1293.8976287841797
injection_reconstruction: 0.020742416381835938
proto_pollution_detection: 1111.1834049224854
proto_pollution_reconstruction: 2637.18581199646
