graph: 208.96329
import: 1369
injection_detection: 1934.666395187378
proto_pollution_detection: 1169.2583560943604
