graph: 421.866083
import: 811
injection_detection: 109.42959785461426
injection_reconstruction: 0.021696090698242188
proto_pollution_detection: 1216.6144847869873
proto_pollution_reconstruction: 2343.1854248046875
