graph: 435.141751
import: 801
injection_detection: 76.02810859680176
injection_reconstruction: 0.019550323486328125
proto_pollution_detection: 1048.9022731781006
proto_pollution_reconstruction: 2978.447198867798
