graph: 170.170217
import: 1191
injection_detection: 1838.5794162750244
proto_pollution_detection: 1537.201166152954
