graph: 372.425376
import: 683
injection_detection: 95.67880630493164
injection_reconstruction: 0.016450881958007812
proto_pollution_detection: 1095.123052597046
proto_pollution_reconstruction: 0.016689300537109375
