graph: 362.113917
import: 673
injection_detection: 132.26914405822754
injection_reconstruction: 0.018596649169921875
proto_pollution_detection: 883.3742141723633
proto_pollution_reconstruction: 0.018596649169921875
