graph: 283.733917
import: 616
injection_detection: 88.93394470214844
injection_reconstruction: 0.017642974853515625
proto_pollution_detection: 974.4987487792969
proto_pollution_reconstruction: 0.016927719116210938
