graph: 133.105375
import: 901
injection_detection: 1473.905086517334
injection_reconstruction: 0.019550323486328125
proto_pollution_detection: 802.9015064239502
proto_pollution_reconstruction: 0.024080276489257812
