graph: 327.848417
import: 638
injection_detection: 89.0347957611084
injection_reconstruction: 0.017404556274414062
proto_pollution_detection: 1011.7664337158203
proto_pollution_reconstruction: 0.02002716064453125
