graph: 166.778166
import: 786
injection_detection: 1239.248514175415
injection_reconstruction: 0.049114227294921875
proto_pollution_detection: 733.666181564331
proto_pollution_reconstruction: 0.022411346435546875
