graph: 107.470834
import: 1083
injection_detection: 1484.6279621124268
injection_reconstruction: 0.030279159545898438
proto_pollution_detection: 777.4844169616699
proto_pollution_reconstruction: 0.022172927856445312
