graph: 113.72125
import: 854
injection_detection: 1395.8666324615479
injection_reconstruction: 0.018358230590820312
proto_pollution_detection: 795.6984043121338
proto_pollution_reconstruction: 0.03147125244140625
