graph: 98.27475
import: 772
injection_detection: 1193.349838256836
injection_reconstruction: 4165.268421173096
proto_pollution_detection: 269.95229721069336
proto_pollution_reconstruction: 0.03314018249511719
