graph: 502.847334
import: 663
injection_detection: 95.72100639343262
injection_reconstruction: 6036.322832107544
proto_pollution_detection: 499.01342391967773
proto_pollution_reconstruction: 0.015497207641601562
