graph: 207.398
import: 799
injection_detection: 1342.7667617797852
injection_reconstruction: 4301.492691040039
proto_pollution_detection: 114.76492881774902
proto_pollution_reconstruction: 0.018835067749023438
