graph: 398.41325
import: 595
injection_detection: 89.06173706054688
injection_reconstruction: 4147.201776504517
proto_pollution_detection: 278.23662757873535
proto_pollution_reconstruction: 0.02956390380859375
