graph: 490.476834
import: 689
injection_detection: 106.2629222869873
injection_reconstruction: 4068.5746669769287
proto_pollution_detection: 293.0755615234375
proto_pollution_reconstruction: 0.019788742065429688
