graph: 465.498292
import: 645
injection_detection: 99.21479225158691
injection_reconstruction: 4786.8812084198
proto_pollution_detection: 299.17073249816895
proto_pollution_reconstruction: 0.024318695068359375
