graph: 111.758375
import: 804
injection_detection: 1217.630386352539
injection_reconstruction: 4100.455045700073
proto_pollution_detection: 85.18028259277344
proto_pollution_reconstruction: 0.021219253540039062
