graph: 216.803458
import: 752
injection_detection: 1383.5372924804688
injection_reconstruction: 4718.840837478638
proto_pollution_detection: 109.52472686767578
proto_pollution_reconstruction: 0.024318695068359375
