graph: 409.809167
import: 598
injection_detection: 98.51932525634766
injection_reconstruction: 3812.6230239868164
proto_pollution_detection: 314.87464904785156
proto_pollution_reconstruction: 0.027894973754882812
