graph: 3179.112824
import: 1360
injection_detection: 447.1423625946045
injection_reconstruction: 7107.8479290008545
proto_pollution_detection: 520.6453800201416
proto_pollution_reconstruction: 0.03170967102050781
