graph: 91.29959
import: 1345
injection_detection: 2024.674892425537
proto_pollution_detection: 449.2166042327881
