graph: 2808.476877
import: 1292
injection_detection: 433.2563877105713
injection_reconstruction: 405.5964946746826
proto_pollution_detection: 2078.657388687134
proto_pollution_reconstruction: 0.04172325134277344
