graph: 2839.040142
import: 1482
injection_detection: 399.49607849121094
injection_reconstruction: 213.80019187927246
proto_pollution_detection: 1423.2475757598877
proto_pollution_reconstruction: 0.03409385681152344
