graph: 2499.853418
import: 1134
injection_detection: 148.54884147644043
injection_reconstruction: 3828.6123275756836
proto_pollution_detection: 397.9010581970215
proto_pollution_reconstruction: 0.028371810913085938
