graph: 2578.339667
import: 944
injection_detection: 149.95884895324707
injection_reconstruction: 5152.742862701416
proto_pollution_detection: 374.29189682006836
proto_pollution_reconstruction: 0.02002716064453125
