graph: 2580.255543
import: 1093
injection_detection: 170.09687423706055
injection_reconstruction: 103037.8806591034
proto_pollution_detection: 460.65330505371094
proto_pollution_reconstruction: 0.016450881958007812
