graph: 223.991708
import: 1876
injection_detection: 3985.1627349853516
injection_reconstruction: 10592.313289642334
proto_pollution_detection: 288.19894790649414
proto_pollution_reconstruction: 0.030517578125
