graph: 425.434542
import: 711
injection_detection: 111.55080795288086
injection_reconstruction: 4810.8508586883545
proto_pollution_detection: 381.2541961669922
proto_pollution_reconstruction: 0.026702880859375
