graph: 379.580458
import: 639
injection_detection: 93.1081771850586
injection_reconstruction: 4755.917310714722
proto_pollution_detection: 414.49975967407227
proto_pollution_reconstruction: 0.022172927856445312
