graph: 1264.804667
import: 780
injection_detection: 1369.6460723876953
injection_reconstruction: 5376.193284988403
proto_pollution_detection: 113.26193809509277
proto_pollution_reconstruction: 0.03647804260253906
