graph: 1216.159376
import: 893
injection_detection: 1348.318338394165
injection_reconstruction: 5339.930772781372
proto_pollution_detection: 106.76002502441406
proto_pollution_reconstruction: 0.019073486328125
