graph: 371.420417
import: 658
injection_detection: 91.2330150604248
injection_reconstruction: 3931.669235229492
proto_pollution_detection: 301.2113571166992
proto_pollution_reconstruction: 0.022649765014648438
