graph: 118.031166
import: 692
injection_detection: 1150.308609008789
injection_reconstruction: 4322.2033977508545
proto_pollution_detection: 90.92044830322266
proto_pollution_reconstruction: 0.01621246337890625
