graph: 340.320042
import: 626
injection_detection: 106.40954971313477
injection_reconstruction: 4403.090953826904
proto_pollution_detection: 280.41982650756836
proto_pollution_reconstruction: 0.023365020751953125
