graph: 382.501126
import: 599
injection_detection: 93.5063362121582
injection_reconstruction: 4983.163595199585
proto_pollution_detection: 344.66075897216797
proto_pollution_reconstruction: 0.020503997802734375
