graph: 385.040167
import: 618
injection_detection: 94.22183036804199
injection_reconstruction: 0.02288818359375
proto_pollution_detection: 837.3520374298096
proto_pollution_reconstruction: 0.02384185791015625
