graph: 312.392459
import: 580
injection_detection: 125.17786026000977
injection_reconstruction: 0.015974044799804688
proto_pollution_detection: 458.3301544189453
proto_pollution_reconstruction: 0.015974044799804688
