graph: 397.392583
import: 760
injection_detection: 131.38794898986816
injection_reconstruction: 0.0171661376953125
proto_pollution_detection: 974.6353626251221
proto_pollution_reconstruction: 0.023603439331054688
