graph: 303.700375
import: 641
injection_detection: 114.23707008361816
injection_reconstruction: 0.019788742065429688
proto_pollution_detection: 788.3923053741455
proto_pollution_reconstruction: 0.020265579223632812
