graph: 2914.364764
import: 1247
injection_detection: 184.66949462890625
injection_reconstruction: 0.038623809814453125
proto_pollution_detection: 2268.1005001068115
proto_pollution_reconstruction: 0.042438507080078125
