graph: 139.623875
import: 1075
injection_detection: 1527.2982120513916
injection_reconstruction: 0.025272369384765625
proto_pollution_detection: 628.5231113433838
proto_pollution_reconstruction: 0.0247955322265625
