graph: 124.681167
import: 903
injection_detection: 1302.5765419006348
injection_reconstruction: 0.024080276489257812
proto_pollution_detection: 502.0871162414551
proto_pollution_reconstruction: 0.017404556274414062
