graph: 138.075917
import: 745
injection_detection: 1402.1995067596436
injection_reconstruction: 0.04982948303222656
proto_pollution_detection: 773.6456394195557
proto_pollution_reconstruction: 0.07748603820800781
