graph: 146.100042
import: 857
injection_detection: 1391.991138458252
injection_reconstruction: 0.022172927856445312
proto_pollution_detection: 483.77346992492676
proto_pollution_reconstruction: 0.0209808349609375
