graph: 416.87625
import: 728
injection_detection: 92.8959846496582
injection_reconstruction: 0.0171661376953125
proto_pollution_detection: 1085.6387615203857
proto_pollution_reconstruction: 2828.986167907715
