graph: 421.842667
import: 741
injection_detection: 97.90945053100586
injection_reconstruction: 0.026702880859375
proto_pollution_detection: 1163.5360717773438
proto_pollution_reconstruction: 5525.702953338623
