graph: 404.058042
import: 796
injection_detection: 132.63297080993652
injection_reconstruction: 0.0209808349609375
proto_pollution_detection: 787.9655361175537
proto_pollution_reconstruction: 5440.236806869507
