graph: 122.226416
import: 639
injection_detection: 1058.239221572876
injection_reconstruction: 0.016450881958007812
proto_pollution_detection: 388.3981704711914
proto_pollution_reconstruction: 0.018358230590820312
