graph: 2928.197974
import: 1415
injection_detection: 174.04723167419434
injection_reconstruction: 0.033855438232421875
proto_pollution_detection: 1594.0735340118408
proto_pollution_reconstruction: 13074.597358703613
