graph: 157.471833
import: 886
injection_detection: 1312.4783039093018
injection_reconstruction: 0.026941299438476562
proto_pollution_detection: 545.5021858215332
proto_pollution_reconstruction: 0.02193450927734375
