graph: 365.897458
import: 683
injection_detection: 77.44359970092773
injection_reconstruction: 0.023126602172851562
proto_pollution_detection: 1025.49147605896
proto_pollution_reconstruction: 5165.970087051392
