graph: 82770.337079
import: 3286
injection_detection: 1844.7229862213135
injection_reconstruction: 63254.74834442139

Timed out
