graph: 49953.23298
import: 1779
injection_detection: 1252.427101135254
injection_reconstruction: 50977.06580162048

Timed out
