graph: 74164.967534
import: 3779
injection_detection: 1808.9592456817627
injection_reconstruction: 50573.44365119934

Timed out
