graph: 82166.790955
import: 2755
injection_detection: 1539.3121242523193
injection_reconstruction: 63824.800968170166

Timed out
