graph: 3253.263342
import: 1341
injection_detection: 389.24217224121094
injection_reconstruction: 0.04363059997558594
proto_pollution_detection: 1939.1717910766602
proto_pollution_reconstruction: 0.04172325134277344
