graph: 116.744667
import: 796
injection_detection: 1305.5307865142822
injection_reconstruction: 0.030040740966796875
