graph: 2723.34599
import: 1351
injection_detection: 191.5571689605713
injection_reconstruction: 0.03552436828613281
proto_pollution_detection: 2784.066677093506
proto_pollution_reconstruction: 3435.4794025421143
