graph: 267.7775
import: 558
injection_detection: 117.80047416687012
injection_reconstruction: 0.018596649169921875
proto_pollution_detection: 653.6893844604492
proto_pollution_reconstruction: 1334.9132537841797
