graph: 331.984959
import: 560
injection_detection: 112.67828941345215
injection_reconstruction: 0.0171661376953125
proto_pollution_detection: 1065.9658908843994
proto_pollution_reconstruction: 1575.0095844268799
