graph: 329.824458
import: 684
injection_detection: 95.29614448547363
injection_reconstruction: 0.018835067749023438
proto_pollution_detection: 1077.605962753296
proto_pollution_reconstruction: 1552.6440143585205
