graph: 290.363209
import: 557
injection_detection: 98.40679168701172
injection_reconstruction: 0.0171661376953125
proto_pollution_detection: 1010.1628303527832
proto_pollution_reconstruction: 1574.2721557617188
