graph: 87.449458
import: 754
injection_detection: 1431.5762519836426
injection_reconstruction: 0.022649765014648438
