graph: 1008.9775
import: 805
injection_detection: 205.0471305847168
injection_reconstruction: 5245.750904083252
proto_pollution_detection: 350.4018783569336
proto_pollution_reconstruction: 0.017404556274414062
