graph: 1108.424584
import: 966
injection_detection: 453.51338386535645
injection_reconstruction: 5424.223184585571
proto_pollution_detection: 351.96757316589355
proto_pollution_reconstruction: 0.019550323486328125
