graph: 971.56625
import: 762
injection_detection: 135.63966751098633
injection_reconstruction: 4569.604873657227
proto_pollution_detection: 335.34955978393555
proto_pollution_reconstruction: 0.026702880859375
