graph: 1111.197375
import: 1002
injection_detection: 310.1630210876465
injection_reconstruction: 5268.416166305542
proto_pollution_detection: 369.16351318359375
proto_pollution_reconstruction: 0.022649765014648438
