graph: 1327.556125
import: 821
injection_detection: 1544.7957515716553
injection_reconstruction: 14930.708169937134
proto_pollution_detection: 94.60067749023438
proto_pollution_reconstruction: 0.025987625122070312
