graph: 479.001708
import: 626
injection_detection: 93.23668479919434
injection_reconstruction: 5595.916271209717
proto_pollution_detection: 287.32824325561523
proto_pollution_reconstruction: 0.01811981201171875
