graph: 1373.425834
import: 884
injection_detection: 1459.5842361450195
injection_reconstruction: 4896.683216094971
proto_pollution_detection: 206.0565948486328
proto_pollution_reconstruction: 0.03719329833984375
