graph: 548.057917
import: 1113
injection_detection: 119.26865577697754
injection_reconstruction: 6026.247024536133
proto_pollution_detection: 310.55259704589844
proto_pollution_reconstruction: 0.019073486328125
