graph: 127.223334
import: 791
injection_detection: 1251.709222793579
injection_reconstruction: 8965.772867202759
proto_pollution_detection: 80.22832870483398
proto_pollution_reconstruction: 0.017881393432617188
