graph: 572.750833
import: 643
injection_detection: 101.0122299194336
injection_reconstruction: 6067.089796066284
proto_pollution_detection: 386.9359493255615
proto_pollution_reconstruction: 0.017881393432617188
