graph: 157.3115
import: 810
injection_detection: 1278.6877155303955
injection_reconstruction: 4176.349878311157
proto_pollution_detection: 170.90702056884766
proto_pollution_reconstruction: 0.04076957702636719
