graph: 125.493375
import: 739
injection_detection: 1255.849838256836
injection_reconstruction: 3513.6098861694336
proto_pollution_detection: 154.53267097473145
proto_pollution_reconstruction: 0.017642974853515625
