graph: 559.088375
import: 646
injection_detection: 112.76555061340332
injection_reconstruction: 5097.017526626587
proto_pollution_detection: 316.9999122619629
proto_pollution_reconstruction: 0.0171661376953125
