graph: 353.968125
import: 712
injection_detection: 82.61489868164062
injection_reconstruction: 0.016689300537109375
proto_pollution_detection: 90187.175989151
proto_pollution_reconstruction: 4764.644384384155
