graph: 399.925333
import: 679
injection_detection: 103.86776924133301
injection_reconstruction: 0.019550323486328125
proto_pollution_detection: 90933.40802192688
proto_pollution_reconstruction: 4960.325479507446
