graph: 160.27
import: 960
injection_detection: 1641.3276195526123
injection_reconstruction: 0.030994415283203125
proto_pollution_detection: 2204.737663269043
proto_pollution_reconstruction: 237416.5163040161
