graph: 344.034792
import: 610
injection_detection: 104.94852066040039
injection_reconstruction: 0.015974044799804688
proto_pollution_detection: 86762.136220932
proto_pollution_reconstruction: 4451.406955718994
