graph: 165.824251
import: 854
injection_detection: 1360.0754737854004
injection_reconstruction: 0.0286102294921875
proto_pollution_detection: 1894.658088684082
proto_pollution_reconstruction: 225560.3768825531
