graph: 374.453751
import: 668
injection_detection: 85.64925193786621
injection_reconstruction: 0.016927719116210938
proto_pollution_detection: 85964.87283706665
proto_pollution_reconstruction: 5167.245388031006
