graph: 3950.28275
import: 2430
injection_detection: 472.67603874206543
injection_reconstruction: 17239.983797073364
proto_pollution_detection: 756.6287517547607
proto_pollution_reconstruction: 0.044345855712890625
