graph: 4263.363171
import: 2606
injection_detection: 423.4035015106201
injection_reconstruction: 14591.548919677734
proto_pollution_detection: 908.5874557495117
proto_pollution_reconstruction: 0.03814697265625
