graph: 11135.987088
import: 881
injection_detection: 1451.6379833221436
