graph: 704.284292
import: 667
injection_detection: 118.01671981811523
injection_reconstruction: 5933.836936950684
proto_pollution_detection: 377.2308826446533
proto_pollution_reconstruction: 0.025272369384765625
