graph: 836.761292
import: 994
injection_detection: 180.5896759033203
injection_reconstruction: 6765.6145095825195
proto_pollution_detection: 343.9633846282959
proto_pollution_reconstruction: 0.018835067749023438
