graph: 264.197709
import: 919
injection_detection: 1219.8522090911865
injection_reconstruction: 3710.5894088745117
proto_pollution_detection: 140.83170890808105
proto_pollution_reconstruction: 0.03218650817871094
