graph: 12784.608131
import: 928
injection_detection: 1412.5373363494873
