graph: 688.619625
import: 697
injection_detection: 107.37061500549316
injection_reconstruction: 6527.240037918091
proto_pollution_detection: 367.7504062652588
proto_pollution_reconstruction: 0.0286102294921875
