graph: 235.669333
import: 760
injection_detection: 1206.4111232757568
injection_reconstruction: 3593.4062004089355
proto_pollution_detection: 116.57166481018066
proto_pollution_reconstruction: 0.015497207641601562
