graph: 236.166666
import: 858
injection_detection: 1488.6155128479004
