graph: 749.967833
import: 812
injection_detection: 172.1663475036621
injection_reconstruction: 6826.239824295044
proto_pollution_detection: 288.6483669281006
proto_pollution_reconstruction: 0.025272369384765625
