graph: 150.506042
import: 762
injection_detection: 1362.8606796264648
injection_reconstruction: 5817.682266235352
proto_pollution_detection: 116.48750305175781
proto_pollution_reconstruction: 0.021219253540039062
