graph: 337.238126
import: 605
injection_detection: 97.49650955200195
injection_reconstruction: 4291.34202003479
proto_pollution_detection: 335.12115478515625
proto_pollution_reconstruction: 0.017642974853515625
