graph: 94.952625
import: 740
injection_detection: 1424.098014831543
injection_reconstruction: 4891.516923904419
proto_pollution_detection: 116.76192283630371
proto_pollution_reconstruction: 0.025272369384765625
