graph: 150.787958
import: 792
injection_detection: 1521.7442512512207
injection_reconstruction: 5886.835336685181
proto_pollution_detection: 111.49835586547852
proto_pollution_reconstruction: 0.024318695068359375
