graph: 302.711417
import: 689
injection_detection: 97.21970558166504
injection_reconstruction: 3091.5331840515137
proto_pollution_detection: 371.45447731018066
proto_pollution_reconstruction: 0.06699562072753906
