graph: 454.675417
import: 620
injection_detection: 109.0855598449707
injection_reconstruction: 4550.108909606934
proto_pollution_detection: 396.193265914917
proto_pollution_reconstruction: 0.019073486328125
