graph: 280.470375
import: 634
injection_detection: 85.78228950500488
injection_reconstruction: 3637.5529766082764
proto_pollution_detection: 350.5392074584961
proto_pollution_reconstruction: 0.017404556274414062
