graph: 288.216916
import: 577
injection_detection: 97.98884391784668
injection_reconstruction: 2931.492805480957
proto_pollution_detection: 343.39189529418945
proto_pollution_reconstruction: 0.016689300537109375
