graph: 2854.529195
import: 1299
injection_detection: 191.725492477417
injection_reconstruction: 13808.434963226318
proto_pollution_detection: 837.5380039215088
proto_pollution_reconstruction: 0.03457069396972656
