graph: 101.416875
import: 776
injection_detection: 1143.6209678649902
injection_reconstruction: 4520.625352859497
proto_pollution_detection: 95.90435028076172
proto_pollution_reconstruction: 0.017404556274414062
