graph: 3900.725252
import: 926
injection_detection: 1494.0996170043945
injection_reconstruction: 9238.612651824951
proto_pollution_detection: 94.64097023010254
proto_pollution_reconstruction: 0.025272369384765625
