graph: 474.190208
import: 641
injection_detection: 150.47645568847656
injection_reconstruction: 7423.557758331299
proto_pollution_detection: 277.7385711669922
proto_pollution_reconstruction: 0.021457672119140625
