graph: 134.713541
import: 840
injection_detection: 1256.1454772949219
injection_reconstruction: 6742.380619049072
proto_pollution_detection: 125.47016143798828
proto_pollution_reconstruction: 0.016689300537109375
