graph: 5013.723669
import: 935
injection_detection: 1465.3809070587158
injection_reconstruction: 10232.73515701294
proto_pollution_detection: 110.84675788879395
proto_pollution_reconstruction: 0.023126602172851562
