graph: 551.542667
import: 674
injection_detection: 186.0504150390625
injection_reconstruction: 7150.0139236450195
proto_pollution_detection: 310.4555606842041
proto_pollution_reconstruction: 0.017881393432617188
