graph: 133.229167
import: 764
injection_detection: 1195.3327655792236
injection_reconstruction: 5809.650897979736
proto_pollution_detection: 91.34507179260254
proto_pollution_reconstruction: 0.022649765014648438
