graph: 635.443334
import: 681
injection_detection: 156.56208992004395
injection_reconstruction: 8148.87261390686
proto_pollution_detection: 352.01120376586914
proto_pollution_reconstruction: 0.02384185791015625
