graph: 491.092583
import: 657
injection_detection: 153.4864902496338
injection_reconstruction: 7204.124450683594
proto_pollution_detection: 289.14785385131836
proto_pollution_reconstruction: 0.018835067749023438
