graph: 532.502251
import: 733
injection_detection: 159.9113941192627
injection_reconstruction: 8706.713199615479
proto_pollution_detection: 493.36981773376465
proto_pollution_reconstruction: 0.02384185791015625
