graph: 3104.79417
import: 1529
injection_detection: 466.83549880981445
injection_reconstruction: 14166.42689704895
proto_pollution_detection: 1317.2624111175537
proto_pollution_reconstruction: 0.041961669921875
