graph: 3390.774436
import: 1308
injection_detection: 461.1647129058838
injection_reconstruction: 10301.912069320679
proto_pollution_detection: 973.3843803405762
proto_pollution_reconstruction: 0.03933906555175781
