graph: 641.1195
import: 707
injection_detection: 94.55609321594238
injection_reconstruction: 5715.611457824707
proto_pollution_detection: 323.64630699157715
proto_pollution_reconstruction: 0.0152587890625
