graph: 326.560385
import: 1365
injection_detection: 2247.894763946533
proto_pollution_detection: 844.0663814544678
