graph: 545.750751
import: 643
injection_detection: 95.82209587097168
injection_reconstruction: 5166.599988937378
proto_pollution_detection: 284.7895622253418
proto_pollution_reconstruction: 0.0209808349609375
