graph: 594.050125
import: 731
injection_detection: 116.62101745605469
injection_reconstruction: 6029.789686203003
proto_pollution_detection: 320.51825523376465
proto_pollution_reconstruction: 0.026464462280273438
