graph: 619.372125
import: 686
injection_detection: 101.9124984741211
injection_reconstruction: 5705.791234970093
proto_pollution_detection: 295.7653999328613
proto_pollution_reconstruction: 0.019788742065429688
