graph: 357.060125
import: 645
injection_detection: 152.2195339202881
injection_reconstruction: 0.019550323486328125
proto_pollution_detection: 1140.6121253967285
proto_pollution_reconstruction: 1723.6545085906982
