graph: 273.393916
import: 596
injection_detection: 99.06673431396484
injection_reconstruction: 0.021457672119140625
proto_pollution_detection: 735.7234954833984
proto_pollution_reconstruction: 1298.835277557373
