graph: 327.229667
import: 650
injection_detection: 151.51262283325195
injection_reconstruction: 0.02002716064453125
proto_pollution_detection: 1200.3660202026367
proto_pollution_reconstruction: 1604.7768592834473
