graph: 335.247458
import: 620
injection_detection: 216.18199348449707
injection_reconstruction: 0.02002716064453125
proto_pollution_detection: 1227.247714996338
proto_pollution_reconstruction: 1583.0492973327637
