graph: 2836.346581
import: 1217
injection_detection: 435.1208209991455
injection_reconstruction: 456.9370746612549
proto_pollution_detection: 1776.7229080200195
proto_pollution_reconstruction: 0.04291534423828125
