graph: 397.032083
import: 603
injection_detection: 115.04745483398438
injection_reconstruction: 3544.4183349609375
proto_pollution_detection: 320.00017166137695
proto_pollution_reconstruction: 0.018835067749023438
