graph: 472.853209
import: 708
injection_detection: 202.78668403625488
injection_reconstruction: 4179.768323898315
proto_pollution_detection: 348.91557693481445
proto_pollution_reconstruction: 0.02574920654296875
