graph: 421.156292
import: 680
injection_detection: 224.03502464294434
injection_reconstruction: 4415.4932498931885
proto_pollution_detection: 391.6661739349365
proto_pollution_reconstruction: 0.022172927856445312
