graph: 259.292942
import: 1518
injection_detection: 2335.1919651031494
proto_pollution_detection: 538.6016368865967
