graph: 443.721792
import: 1092
injection_detection: 225.65770149230957
injection_reconstruction: 4065.3789043426514
proto_pollution_detection: 380.6324005126953
proto_pollution_reconstruction: 0.020265579223632812
