graph: 2841.969835
import: 1483
injection_detection: 453.1548023223877
injection_reconstruction: 11150.548934936523
proto_pollution_detection: 632.6897144317627
proto_pollution_reconstruction: 0.031948089599609375
