graph: 360.43225
import: 657
injection_detection: 274.7504711151123
injection_reconstruction: 6827.986001968384
proto_pollution_detection: 514.9850845336914
proto_pollution_reconstruction: 0.019550323486328125
