graph: 169.277462
import: 1466
injection_detection: 2363.722801208496
proto_pollution_detection: 535.8598232269287
