graph: 370.976292
import: 726
injection_detection: 237.87403106689453
injection_reconstruction: 4679.623126983643
proto_pollution_detection: 359.7588539123535
proto_pollution_reconstruction: 0.0247955322265625
