graph: 367.461
import: 639
injection_detection: 245.38564682006836
injection_reconstruction: 5199.600458145142
proto_pollution_detection: 366.96314811706543
proto_pollution_reconstruction: 0.021219253540039062
